Wban Number, YearMonthDay, Avg Max Temp, Departure Max Temp, Avg Min Temp, Departure Min Temp, Avg Temp, Departure from Normal, Avg Dew Point, Avg Wet Bulb, Heating Degree Days, Cooling Degree Days, HDD Monthly Departure, CDD Monthly Departure, HDD Season to Date, CDD Season to Date, HDD Season to Date Departure, CDD Season to Date Departure, Mean Station Pressure, Mean Sea Level Pressure, Max Sea Level Pressure, Date Max Sea Level Pressure, Time Max Sea Level Pressure,Min Sea Level Pressure, Date Min Sea Level Pressure, Time Min Sea Level Pressure, Total Monthly Precip, Departure from Normal Precip, Max 24 hr. Precip, Date Max 24 hr. Precip, Sunshine Minutes, Total Minutes Sunshine, Percent Possible Sunshine, Total Snowfall, Max 24 hr. Snowfall, Date Max 24 hr. Snowfall, Max 12Z Snow Depth, Date Max 12Z Snow Depth, Clear Sky Days, Partly Cloudy Days, Cloudy Days, Max Temp >= 90 Days, Max Temp <= 32 Days, Min Temp <= 32 Days, Min Temp <= 0 Days, Thunderstorm Days, Heavy Fog Days, Precip >= 1/100 Days, Precip >= 1/10 Days, Snowfall >= 1.0 inch Days, Max Wind Speed, Max Wind Direction, Max Wind Date, Peak Gust Speed, Peak Gust Direction, Peak Gust Date, Water Equivalent, Resultant Wind Speed, Resultant Wind Direction, Avg Wind Speed, Avg HDD, Avg CDD
03013,19960731, 88.8,     , 60.8,     , 74.8, 74.8,     , 63.8,   3, 284,   3, 284,     ,     ,    ,    ,26.08,     ,30.15,26 ,2239,29.63,16 ,1950, 1.58, 1.58, 1.58,29-30,     ,     ,   ,    ,    ,   ,  0 ,   , 0, 0, 0,M ,M ,M ,M , 0, 2,M ,M , 0, 53,010, 23, 67,020, 23,    ,  3.0,139,  8.5,     ,     
03017,19960731, 88.0,     , 58.8,     , 73.4,  1.3, 50.7, 59.6,   0, 269,   0,  45,     ,     ,    ,    ,24.66,29.91,30.22,29 ,1044,29.65,16 ,1852, 1.01, -.98, 0.47, 9   ,     ,     ,   ,    ,    ,   ,  0 ,   , 0, 0, 0,15, 0, 0, 0,10, 1, 6, 3, 0, 37,350,+28, 44,030, 13,    ,  0.7,114,  9.7,   .0,  8.7
03103,19960731, 82.8,   .9, 54.0,  3.5, 68.4,  2.1, 48.8, 56.7,   2, 116, -27,  46,     ,     ,    ,    ,23.36,29.99,30.20,28 ,0924,29.81, 8 ,1453, 1.79, -.99, 0.44, 3   ,     ,     ,   ,    ,    ,   ,  0 ,   , 0, 0, 0, 2, 0, 0, 0,12, 0,15, 4, 0, 28,190, 24, 31,190, 24,    ,  2.3,238,  5.2,   .1,  3.4
03145,19960731,108.2,     , 84.6,     , 96.4,  2.9, 62.2, 73.6,   0, 983,   0,  88,     ,     ,    ,    ,29.50,29.76,29.92,28 ,1038,29.57, 8 ,1754, 0.12, -.08, 0.12, 30  ,     ,     ,   ,    ,    ,   ,  0 ,   , 0, 0, 0,31, 0, 0, 0, 0, 0, 1, 1, 0, 36,160, 07, 41,160, 07,    ,  7.1,171,  9.8,   .0, 31.7
03160,19960731,102.9,  4.5, 73.9,  4.8, 88.4,  4.6, 44.5, 62.7,   0, 709,   0, 126,     ,     ,    ,    ,26.52,29.79,30.01,29 ,0812,29.56, 8 ,1849,  T  , -.59, T   , 28  ,     ,     ,   ,    ,    ,   ,  0 ,   , 0, 0, 0,M ,M ,M ,M , 2, 0,M ,M , 0, 40,050, 26, 51,050, 26,    ,  4.8,211,  9.7,     ,     
03195,19960731, 86.3,     , 50.6,     , 68.5,   .0,     ,     ,   3, 103,-255,-255,     ,     ,    ,    ,     ,     ,30.21,28 ,0316,29.80, 8 ,1910, 1.09, 0.00, 0.34,27-28,     ,     ,   ,    ,    ,   ,  0 ,   , 0, 0, 0,M ,M ,M ,M ,15, 0,M ,M , 0, 24,200,+13, 33,270, 08,    ,     ,   ,     ,     ,     
03812,19960731, 82.1,  -.9, 61.9,  -.8, 72.0,  -.8, 64.0, 66.6,   0, 224,  -5, -23,     ,     ,    ,    ,27.82,30.01,30.33,17 ,0905,29.72, 3 ,0500, 4.83, 0.31, 1.24,14-15,     ,     ,   ,    ,    ,   ,  0 ,   , 0, 0, 0, 1, 0, 0, 0, 7,12,15, 9, 0, 24,320, 03, 32,330, 03,    ,  2.3,333,  4.4,   .0,  7.2
03813,19960731, 92.0,   .1, 70.6,   .1, 81.3,   .1, 70.1, 73.3,   0, 516,   0,  14,     ,     ,    ,    ,29.61,29.98,30.26,17 ,1146,29.67, 3 ,1729, 2.83,-1.47, 0.90, 13  ,     ,     ,   ,    ,    ,   ,  0 ,   , 0, 0, 0,22, 0, 0, 0,10, 1,16, 7, 0, 30,350, 20, 41,270, 08,    ,  2.8,261,  5.9,   .0, 16.7
03816,19960731, 85.6, -3.4, 66.1, -2.4, 75.9, -2.9, 67.1, 70.0,   0, 345,   0, -83,     ,     ,    ,    ,29.53,29.94,30.22,27 ,1129,29.68, 7 ,1746, 6.11, 1.92, 2.02, 30  ,     ,     ,   ,    ,    ,   ,  0 ,   , 0, 0, 0, 7, 0, 0, 0, 9, 1, 9, 6, 0, 37,270, 21, 46,320, 02,    ,  1.3,259,  4.9,   .0, 11.1
03820,19960731, 90.9,  -.8, 70.1,   .2, 80.5,  -.3, 71.1, 73.5,   0, 487,   0,  -3,     ,     ,    ,    ,29.81,29.99,30.27,17 ,1016,29.61, 3 ,1701, 6.39, 2.15, 2.61,14-15,     ,     ,   ,    ,    ,   ,  0 ,   , 0, 0, 0,20, 0, 0, 0, 9, 4,10, 8, 0, 29,280, 15, 37,270,+20,    ,  2.3,255,  6.1,   .0, 15.7
03822,19960731, 91.8,   .7, 73.0,   .6, 82.4,   .6, 72.5, 74.9,   0, 549,   0,  28,     ,     ,    ,    ,29.92,30.01,30.27,28 ,2135,29.65, 3 ,1658, 2.30,-4.08, 0.49,21-22,     ,     ,   ,    ,    ,   ,  0 ,   , 0, 0, 0,23, 0, 0, 0,17, 0,M ,M , 0, 28,080, 05, 39,250, 24,    ,  1.9,251,  5.8,   .0, 17.7
03853,19960731, 90.3,     , 75.3,     , 82.8,  1.7,     ,     ,   0, 466,   0, -39,     ,     ,    ,    ,     ,     ,30.26,17 ,1154,29.72, 3 ,1717, 3.04,-2.20, 2.00, 5-6 ,     ,     ,   ,    ,    ,   ,  0 ,   , 0, 0, 0,M ,M ,M ,M , 0, 0, 9, 6, 0,   ,   ,   ,   ,   ,   ,    ,     ,   ,     ,     ,     
03855,19960731, 89.8,     , 73.5,     , 81.7,  -.1, 73.7, 76.1,   0, 525,   0,  -4,     ,     ,    ,    ,29.95,29.95,30.23,28 ,1232,29.76, 3 ,1843, 1.27,-5.45, 0.67, 8-9 ,     ,     ,   ,    ,    ,   ,  0 ,   , 0, 0, 0,20, 0, 0, 0, 0, 2,M ,M , 0, 29,230, 08, 34,240, 08,    ,  3.2,201,  6.7,   .0, 16.9
03856,19960731, 87.0, -2.0, 69.3,   .4, 78.2,  -.8, 68.9, 71.7,   0, 412,   0, -22,     ,     ,    ,    ,29.33,30.02,30.25,18 ,0816,29.76, 8 ,1649, 4.70, -.15, 1.53,30-31,     ,     ,   ,    ,    ,   ,  0 ,   , 0, 0, 0,12, 0, 0, 0,10, 1,M ,M , 0, 31,300, 07, 43,300, 07,    ,  1.7,237,  5.6,   .0, 13.3
03866,19960731, 92.5,     , 69.6,     , 81.1,   .5, 71.2, 73.8,   0, 508,   0,  20,     ,     ,    ,    ,29.67,30.00,30.28,28 ,1224,29.78, 3 ,1821, 2.07,-3.04, 1.15,24-25,     ,     ,   ,    ,    ,   ,  0 ,   , 0, 0, 0,27, 0, 0, 0, 0, 2,M ,M , 0, 24,330, 15, 29,330,+23,    ,  1.1,297,  3.4,   .0, 16.4
03870,19960731, 88.2,   .0, 68.7,   .4, 78.5,   .3, 66.9, 70.3,   0, 427,   0,  18,     ,     ,    ,    ,28.95,29.95,30.24,28 ,0758,29.63, 3 ,1546, 4.43, -.20, 2.24, 17  ,     ,     ,   ,    ,    ,   ,  0 ,   , 0, 0, 0,12, 0, 0, 0, 8, 2,11, 6, 0, 49,170, 17, 63,150, 17,    ,  1.0,232,  5.4,   .0, 13.8
03872,19960731, 76.7, -2.5, 59.3,  -.8, 68.0, -1.7, 60.2, 63.2,  17, 119,   7, -37,     ,     ,    ,    ,27.41,30.00,30.25,28 ,0003,29.66, 3 ,0555, 7.59, 2.89, 2.49,28-29,     ,     ,   ,    ,    ,   ,  0 ,   , 0, 0, 0, 0, 0, 0, 0, 6, 8,14, 8, 0, 24,050, 02, 32,040, 02,    ,  2.2,225,  5.5,   .6,  3.8
03889,19960731, 81.1, -2.8, 64.3,  -.9, 72.7, -1.9, 64.3, 67.1,   0, 246,   0, -52,     ,     ,    ,    ,28.54,30.00,30.27,27 ,1215,29.68, 2 ,2222, 4.52, -.62, 1.54, 31  ,     ,     ,   ,    ,    ,   ,  0 ,   , 0, 0, 0, 0, 0, 0, 0, 6,10,17, 5, 0, 16,180, 07, 22,180,+30,    ,  1.3,208,  4.2,   .0,  8.2
03919,19960731, 90.9,     , 68.9,     , 79.9, 79.9, 64.2, 69.7,   0, 470,   0, -20,     ,     ,    ,    ,28.60,29.95,30.20,28 ,0722,29.71, 7 ,2306, 1.20,-2.11, 1.03, 31  ,     ,     ,   ,    ,    ,   ,  0 ,   , 0, 0, 0,20, 0, 0, 0,10, 1,M ,M , 0, 44,220, 19, 54,010, 08,    ,  3.5,149,  9.6,   .0, 15.2
03927,19960731, 95.8,  -.7, 76.5,  2.4, 86.2,   .9, 70.2, 75.0,   0, 663,   0,  34,     ,     ,    ,    ,29.33,29.94,30.16,28 ,1048,29.72, 8 ,1834, 0.28,-2.03, 0.21, 27  ,     ,     ,   ,    ,    ,   ,  0 ,   , 0, 0, 0,27, 0, 0, 0,10, 0,M ,M , 0, 30,140,+23, 37,130, 03,    ,  5.6,168,  9.3,   .0, 21.4
03928,19960731, 89.0, -3.8, 69.2,  -.7, 79.1, -2.3,     ,     ,   0, 444,   0, -64,     ,     ,    ,    ,     ,     ,30.17,27 ,0826,29.69, 8 ,0019, 3.97, 0.84, 1.63, 8   ,     ,     ,   ,    ,    ,   ,  0 ,   , 0, 0, 0,15, 0, 0, 0, 8, 0, 8, 5, 0, 61,340, 08, 76,340, 08,    ,     ,   ,  9.4,   .0, 14.3
03936,19960731, 88.7,     , 64.3,     , 76.5, 76.5, 65.0, 68.8,   0, 363,   0, 363,     ,     ,    ,    ,28.82,29.96,30.22,10 ,0821,29.72, 7 ,2309, 4.38, 4.38, 1.72, 8   ,     ,     ,   ,    ,    ,   ,  0 ,   , 0, 0, 0,13, 0, 0, 0, 5, 4, 9, 6, 0, 45,010, 08, 53,010, 08,    ,  2.0,142,  6.6,   .0, 11.7
03937,19960731, 91.1,   .3, 75.0,  1.4, 83.1,  1.1,     ,     ,   0, 566,   0,  33,     ,     ,    ,    ,     ,     ,30.22,28 ,1230,29.82, 3 ,1803, 5.49, 0.29, 3.56,24-25,     ,     ,   ,    ,    ,   ,  0 ,   , 0, 0, 0,24, 0, 0, 0,18, 1,12, 7, 0, 36,330, 23, 45,320, 23,    ,     ,   ,  4.6,   .0, 18.3
03940,19960731, 91.2, -1.2, 71.4,   .9, 81.3,  -.2, 70.5, 73.5,   0, 512,   0,   0,     ,     ,    ,    ,29.66,29.94,30.28,28 ,0832,29.76, 8 ,1732, 6.99, 2.48, 2.01, 9   ,     ,     ,   ,    ,    ,   ,  0 ,   , 0, 0, 0,21, 0, 0, 0,11, 2,13, 9, 0, 36,090, 09, 41,090, 09,    ,  0.4,252,  4.0,   .0, 16.5
03945,19960731, 84.6, -4.0, 64.6, -1.6, 74.6, -2.8, 63.4, 67.1,   0, 306,   0, -78,     ,     ,    ,    ,29.01,29.98,30.25,27 ,1121,29.74, 8 ,0244, 3.32, -.35, 2.15,20-21,     ,     ,   ,    ,    ,   ,  0 ,   , 0, 0, 0, 5, 0, 0, 0, 4, 2,M ,M , 0, 26,350, 19, 30,290,+19,    ,  1.3,219,  8.0,   .0, 10.1
03947,19960731, 84.4, -4.3, 65.9, -2.3, 75.2, -3.3, 64.9, 68.4,   0, 325,   0, -94,     ,     ,    ,    ,28.92,29.98,30.22,26 ,1024,29.73,20 ,1736, 4.84, 0.46, 1.86, 20  ,     ,     ,   ,    ,    ,   ,  0 ,   , 0, 0, 0, 6, 0, 0, 0, 7, 1,12, 7, 0, 36,340, 22, 45,310, 20,    ,  1.7,156,  8.1,   .0, 10.5
03967,19960731, 83.9,     , 66.7,     , 75.3, 75.3, 65.8, 69.1,   0, 328,   0, 328,     ,     ,    ,    ,28.79,29.94,30.19,26 ,0856,29.68,20 ,1755, 0.00, 0.00, M   ,     ,     ,     ,   ,    ,    ,   ,  0 ,   , 0, 0, 0, 6, 0, 0, 0, 7, 1,M ,M , 0, 33,340, 29, 41,330, 29,    ,  2.0,147,  7.3,   .0, 10.6
03974,19960731, 89.0,     , 67.9,     , 78.5, 78.5, 66.2, 70.1,   0, 410,   0, 410,     ,     ,    ,    ,28.44,29.91,30.18,10 ,0630,29.69, 8 ,0020,  M  , 0.00, M   ,     ,     ,     ,   ,    ,    ,   ,  0 ,   , 0, 0, 0,M ,M ,M ,M , 0, 0,M ,M , 0, 47,320, 08, 59,320, 08,    ,  4.0,149,     ,     ,     
03991,19960731, 97.2,     , 75.6,     , 86.4,   .0, 68.7, 73.9,   0, 671,-255,-255,     ,     ,    ,    ,29.25,29.95,30.18,28 ,0859,29.73, 8 ,1804, 0.75, 0.00, 0.47,26-27,     ,     ,   ,    ,    ,   ,  0 ,   , 0, 0, 0,28, 0, 0, 0, 0, 1,M ,M , 0, 37,320, 23, 46,310, 23,    ,  4.5,156,  8.5,   .0, 21.7
03994,19960731, 83.6,     , 65.2,     , 74.4, 74.4, 65.2, 68.3,   0, 299,   0, 299,     ,     ,    ,    ,28.41,29.95,30.25,27 ,1005,29.76, 8 ,0227, 2.07, 2.07, 1.47,29-30,     ,     ,   ,    ,    ,   ,  0 ,   , 0, 0, 0, 5, 0, 0, 0, 0, 1,M ,M , 0, 30,340, 20, 37,340, 20,    ,  1.6,202,  7.2,   .0,  9.5
03996,19960731, 91.5,     , 72.4,     , 82.0,   .0, 72.8, 75.3,   0, 531, 255, 260,     ,     ,    ,    ,29.87,30.02,30.28,28 ,1013,29.77, 8 ,1837, 1.82, 0.00, 0.81,27-28,     ,     ,   ,    ,    ,   ,  0 ,   , 0, 0, 0,25, 0, 0, 0, 0, 3,M ,M , 0, 40,270, 08, 49,260, 08,    ,  1.5,207,  5.2,   .0, 17.1
03997,19960731, 85.5,     , 64.1,     , 74.8,   .0,     ,     ,   2, 312,-255,-255,     ,     ,    ,    ,     ,     ,30.22,10 ,0947,29.70, 8 ,0136,  M  , 0.00, M   ,     ,     ,     ,   ,    ,    ,   ,  0 ,   , 0, 0, 0, 8, 0, 0, 0, 0, 3,M ,M , 0, 31,350, 22, 37,350, 22,    ,     ,   ,  6.7,   .1, 10.1
03998,19960731, 88.6,     , 68.1,     , 78.4, 78.4, 65.9, 69.4,   0, 408,   0, 408,     ,     ,    ,    ,28.75,29.94,30.19,10 ,0805,29.66, 8 ,0243,  M  , 0.00, M   ,     ,     ,     ,   ,    ,    ,   ,  0 ,   , 0, 0, 0,M ,M ,M ,M , 0, 1,M ,M , 0, 32,310, 08, 43,020, 04,    ,  2.0,154,  5.9,   .0, 13.6
04725,19960731, 74.2, -4.4, 57.3, -2.4, 65.7, -3.5, 57.6, 60.8,  43,  72,  27, -75,     ,     ,    ,    ,28.25,29.90,30.32,28 ,1044,29.50,19 ,1332, 4.14, 0.64, 1.25, 13  ,     ,     ,   ,    ,    ,   ,  0 ,   , 0, 0, 0, 0, 0, 0, 0, 6, 5,14,10, 0, 26,340, 19, 36,280,+20,    ,  3.4,259,  7.7,  1.4,  2.3
04826,19960731, 77.9,     , 55.0,     , 66.5, -3.5,     , 59.4,  18,  64,  -4,-113,     ,     ,    ,    ,28.84,     ,30.24,27 ,0852,29.63, 8 ,0319, 0.00,-3.87, M   ,     ,     ,     ,   ,    ,    ,   ,  0 ,   , 0, 0, 0,M ,M ,M ,M , 0, 3,M ,M , 0, 23,320,+17, 31,320, 08,    ,  2.3,291,  6.8,     ,     
04836,19960731, 71.6,     , 54.7,     , 63.2,   .0, 55.6, 58.7,  79,  29,-255,-255,     ,     ,    ,    ,28.75,30.01,30.35,29 ,0729,28.92,20 ,0812,  T  , 0.00, T   , 31  ,     ,     ,   ,    ,    ,   ,  0 ,   , 0, 0, 0, 0, 0, 0, 0, 0, 9,M ,M , 0, 24,240,+18, 30,240,+21,    ,  1.8,213,  8.4,  2.6,   .9
04838,19960731, 79.5,     , 59.2,     , 69.4,   .0,     ,     ,  17, 157,-255,-255,     ,     ,    ,    ,     ,     ,30.27,27 ,0955,29.63, 8 ,1404, 0.00, 0.00, M   ,     ,     ,     ,   ,    ,    ,   ,  0 ,   , 0, 0, 0, 2, 0, 0, 0, 4, 1,M ,M , 0, 26,310,+15, 33,310, 08,    ,     ,   ,  6.4,   .6,  5.1
04839,19960731, 76.0,     , 55.9,     , 66.0, -4.8, 57.7, 61.3,  38,  76,  22,-120,     ,     ,    ,    ,29.19,29.97,30.28,27 ,0901,29.63, 8 ,1659, 1.31,-1.95, 0.38,17-18,     ,     ,   ,    ,    ,   ,  0 ,   , 0, 0, 0, 0, 0, 0, 0, 0, 4,13, 5, 0, 30,270, 18, 40,260, 18,    ,  3.6,273,  7.0,  1.2,  2.5
11641,19960731, 86.6, -1.9, 76.5,  -.3, 81.6, -1.0, 73.7, 76.0,   0, 519,   0, -27,     ,     ,    ,    ,29.98,30.05,30.16,28 ,2218,29.42, 8 ,1740, 7.39, 3.02, 1.70,27-28,     ,     ,   ,    ,    ,   ,  0 ,   ,27, 0, 0, 2, 0, 0, 0, 4, 0,21,12, 0, 49,320, 08, 60,310, 08,    ,  8.7, 78,     ,     ,     
12815,19960731, 92.3,   .8, 73.5,   .4, 82.9,   .6, 72.8, 75.6,   0, 561,   0,  25,     ,     ,    ,    ,29.92,30.03,30.25,28 ,2302,29.82, 3 ,1812, 4.06,-3.19, 1.39, 4-5 ,     ,     ,   ,    ,    ,   ,  0 ,   , 0, 0, 0,26, 0, 0, 0, 9, 2,11, 5, 0, 33,220, 08, 41,220, 08,    ,  2.3,187,  6.7,   .0, 18.1
12818,19960731, 90.6,     , 69.8,     , 80.2, 80.2, 73.8, 75.6,   0, 479,   0, 479,     ,     ,    ,    ,29.25,30.07,30.24,28 ,2323,29.84, 3 ,1801, 1.57, 1.57, 0.70,30-31,     ,     ,   ,    ,    ,   ,  0 ,   , 0, 0, 0,22, 0, 0, 0, 0,11,M ,M , 0, 36,220, 05, 45,210, 05,    ,  1.0,160,  5.0,   .0, 15.5
12834,19960731, 89.8,   .0, 72.5,   .0, 81.2,   .0, 73.2, 74.1,   0, 506,   0,   4,     ,     ,    ,    ,30.00,30.07,30.27,28 ,2223,29.81, 3 ,1738, 1.90,-3.50, 1.18, 5-6 ,     ,     ,   ,    ,    ,   ,  0 ,   , 0, 0, 0,18, 0, 0, 0, 6, 1,10, 5, 0, 34,260, 04, 40,250, 24,    ,  1.6,225,  6.1,   .0, 16.2
12836,19960731, 89.4,   .3, 80.1,   .5, 84.8,   .4, 76.2, 78.8,   0, 621,   0,  20,     ,     ,    ,    ,30.01,30.01,30.17,28 ,2243,29.90,11 ,0354, 3.18, -.43, 1.36,28-29,     ,     ,   ,    ,    ,   ,  0 ,   , 0, 0, 0,17, 0, 0, 0, 6, 0,11, 5, 0, 32,200, 04, 40,100, 16,    ,  3.6, 99,  7.0,   .0, 20.0
12839,19960731, 90.5,  1.5, 78.5,  2.3, 84.5,  1.9, 74.3, 77.3,   0, 609,   0,  63,     ,     ,    ,    ,30.01,30.06,30.19,28 ,2254,29.83,10 ,1645, 5.25, -.45, 1.84, 1   ,     ,     ,   ,    ,    ,   ,  0 ,   , 0, 0, 0,25, 0, 0, 0, 7, 0,M ,M , 0, 26,270, 12, 51,270, 12,    ,  5.0,113,  8.8,   .0, 19.7
12842,19960731, 90.7,   .5, 76.7,  2.2, 83.7,  1.3, 73.9, 75.3,   0, 589,   0,  50,     ,     ,    ,    ,29.03,30.06,30.23,29 ,0014,29.86,11 ,0409, 2.72,-3.86, 1.11, 5-6 ,     ,     ,   ,    ,    ,   ,  0 ,   , 0, 0, 0,22, 0, 0, 0, 9, 1,10, 4, 0, 31,230, 05, 38,230, 05,    ,  2.3,226,  6.6,   .0, 19.0
12844,19960731, 90.9,  1.0, 76.5,  2.0, 83.7,  1.5, 73.4, 76.4,   0, 586,   0,  53,     ,     ,    ,    ,30.01,30.08,30.23,28 ,1122,29.84,11 ,0430, 2.96,-3.18, 0.81, 5-6 ,     ,     ,   ,    ,    ,   ,  0 ,   , 0, 0, 0,23, 0, 0, 0, 8, 0,M ,M , 0, 24,280,+29, 30,220,+11,    ,  4.8,128,  8.8,   .0, 18.9
12850,19960731,   .0,     ,   .0,     ,   .0,   .0,     ,     ,   0,   0,   0,   0,     ,     ,    ,    ,     ,     ,  .00, 0 ,0000,  .00, 0 ,0000,  M  , 0.00, M   ,     ,     ,     ,   ,    ,    ,   ,  0 ,   , 0, 0, 0,M ,M ,M ,M , 0, 0,M ,M , 0,   ,   ,   ,   ,   ,   ,    ,     ,   ,     ,     ,     
12876,19960731, 92.7,     , 74.4,     , 83.6, 83.6, 72.7, 75.5,   0, 582,   0, 582,     ,     ,    ,    ,29.88,30.04,30.26,28 ,2317,29.85, 3 ,1753, 1.39, 1.39, 0.85, 16  ,     ,     ,   ,    ,    ,   ,  0 ,   , 0, 0, 0,27, 0, 0, 0, 0, 0,M ,M , 0, 28,240, 05, 34,230, 05,    ,  1.7,168,  6.8,   .0, 18.8
12889,19960731, 92.8,     , 70.7,     , 81.8,  -.7,     ,     ,   0, 495,   0, -57,     ,     ,    ,    ,     ,     ,30.17,28 ,2346,29.74, 3 ,2153, 1.56,-4.47, 0.51, 31  ,     ,     ,   ,    ,    ,   ,  0 ,   , 0, 0, 0,M ,M ,M ,M , 0, 0,M ,M , 0,   ,   ,   ,   ,   ,   ,    ,     ,   ,     ,     ,     
12912,19960731, 95.5,  2.0, 74.6,   .0, 85.1,  1.0, 73.5, 76.6,   0, 631,   0,  39,     ,     ,    ,    ,29.83,29.98,30.16,28 ,1108,29.78, 8 ,1741, 0.19,-3.15, 0.14, 25  ,     ,     ,   ,    ,    ,   ,  0 ,   , 0, 0, 0,31, 0, 0, 0, 3, 0, 2, 1, 0, 25,140, 26, 29,170,+26,    ,  7.2,165,  8.8,   .0, 20.4
12916,19960731, 90.3,  -.3, 75.2,  2.1, 82.8,   .9, 74.1, 76.2,   0, 558,   0,  34,     ,     ,    ,    ,29.97,30.03,30.23,28 ,1036,29.78, 3 ,1739,10.32, 4.20, 4.43, 7-8 ,     ,     ,   ,    ,    ,   ,  0 ,   , 0, 0, 0,21, 0, 0, 0,17, 3,15,12, 0, 31,010, 03, 40,200, 31,    ,  1.7,216,  6.0,   .0, 18.0
12917,19960731, 92.1,   .2, 74.3,   .6, 83.2,   .4, 76.6, 78.0,   0, 570,   0,  18,     ,     ,    ,    ,29.94,29.96,30.20,28 ,1216,29.81, 8 ,0249, 2.21,-3.16, 0.63, 31  ,     ,     ,   ,    ,    ,   ,  0 ,   , 0, 0, 0,27, 0, 0, 0,19, 2,12, 5, 0, 36,350, 23, 43,340, 23,    ,  2.4,194,  5.3,   .0, 18.4
12919,19960731, 95.5,  2.2, 77.1,  1.4, 86.3,  1.8, 73.9, 77.3,   0, 668,   0,  63,     ,     ,    ,    ,29.90,29.96,30.12,28 ,2326,29.76, 8 ,1715, 0.65,-1.25, 0.48, 3   ,     ,     ,   ,    ,    ,   ,  0 ,   , 0, 0, 0,31, 0, 0, 0, 0, 0, 5, 1, 0, 29,160, 22, 37,170, 22,    , 10.0,149, 11.7,   .0, 21.6
12921,19960731, 98.8,  3.8, 75.8,   .8, 87.3, 11.8, 67.9, 73.8,   0, 700,   0, 374,     ,     ,    ,    ,29.11,29.90,30.14,28 ,1025,29.71, 8 ,1853, 1.31,-2.44, 0.86,25-26,     ,     ,   ,    ,    ,   ,  0 ,   , 0, 0, 0,31, 0, 0, 0, 4, 0, 2, 2, 0, 39,300, 25, 54,290, 25,    ,  7.7,151,  9.6,   .0, 22.6
12924,19960731, 95.8,  2.5, 74.9,   .1, 85.4,  1.3, 74.2, 77.1,   0, 638,   0,  46,     ,     ,    ,    ,29.87,29.95,30.13,28 ,1035,29.76, 8 ,1720, 0.35,-2.04, 0.34, 8   ,     ,     ,   ,    ,    ,   ,  0 ,   , 0, 0, 0,31, 0, 0, 0, 1, 1, 2, 1, 0, 26,150, 23, 32,160, 22,    ,  9.4,147, 10.8,   .0, 20.6
12926,19960731, 94.2,     , 79.1,     , 86.7,  1.8, 75.4, 78.4,   0, 682,  -2,  79,     ,     ,    ,    ,29.90,29.96,30.14,28 ,1155,29.77, 8 ,1837, 0.10,-1.77, 0.10, 8   ,     ,     ,   ,    ,    ,   ,  0 ,   , 0, 0, 0,31, 0, 0, 0, 0, 2, 1, 1, 0, 26,140, 22, 31,140, 22,    , 11.1,148, 12.6,   .0, 22.0
12928,19960731, 97.3,     , 74.8,     , 86.1, 16.9, 72.5, 76.2,   0, 662,  -1, 517,     ,     ,    ,    ,29.86,29.93,30.11,28 ,1009,29.73, 8 ,1756,  M  , 0.00, M   ,     ,     ,     ,   ,    ,    ,   ,  0 ,   , 0, 0, 0,31, 0, 0, 0, 1, 0,M ,M , 0, 26,150,+23, 30,140,+24,    , 10.3,144, 11.3,   .0, 21.4
12946,19960731,     ,     ,     ,     ,     ,     ,     ,     ,    ,    ,    ,    ,     ,     ,    ,    ,     ,     ,     ,   ,    ,     ,   ,    ,     ,     ,     ,     ,     ,     ,   ,    ,    ,   ,    ,   ,  ,  ,  ,  ,  ,  ,  , 0, 0,  ,  , 0,   ,   ,   ,   ,   ,   ,    ,     ,   ,     ,     ,     
12958,19960731, 90.4,     , 73.1,     , 81.8,  6.3, 74.9, 75.3,   0, 508,   0, 182,     ,     ,    ,    ,29.98,30.02,30.22,29 ,1023,29.77, 3 ,1745, 6.29, 2.54, 1.72,15-16,     ,     ,   ,    ,    ,   ,  0 ,   , 0, 0, 0,M ,M ,M ,M , 1, 2,22, 9, 0, 25,040, 09, 29,040, 09,    ,  1.0,190,  3.6,   .0, 16.9
12960,19960731, 94.3,  1.6, 73.2,   .8, 83.8,  1.2, 73.1, 76.1,   0, 587,   0,  41,     ,     ,    ,    ,29.81,29.99,30.18,28 ,1013,29.80, 8 ,1926, 1.11,-2.34, 0.79, 18  ,     ,     ,   ,    ,    ,   ,  0 ,   , 0, 0, 0,29, 0, 0, 0, 7, 1, 9, 2, 0, 28,090, 17, 47,050, 29,    ,  1.4,174,  4.9,   .0, 18.9
12962,19960731, 98.1,     , 73.1,     , 85.6,   .0, 66.5, 71.8,   0, 604,-255,-255,     ,     ,    ,    ,28.96,29.90,30.16,28 ,1025,29.71, 9 ,1805, 0.00, 0.00, 0.00,     ,     ,     ,   ,    ,    ,   ,  0 ,   , 0, 0, 0,M ,M ,M ,M , 0, 0,M ,M , 0, 28,120, 26, 33,110, 26,    ,  7.6,127,  9.4,   .0, 20.8
12971,19960731, 99.1,     , 74.1,     , 86.6, 11.1, 68.9, 74.2,   0, 654,   0, 328,     ,     ,    ,    ,29.24,     ,30.15,28 ,1046,29.73, 8 ,1840, 1.64,-2.11, 1.61, 25  ,     ,     ,   ,    ,    ,   ,  0 ,   , 0, 0, 0,M ,M ,M ,M , 0, 0, 3, 1, 0, 32,240, 25, 51,250, 25,    ,  6.0,180,  8.9,   .0, 21.8
12972,19960731, 92.7,     , 79.4,     , 86.1,   .0, 75.2, 78.1,   0, 658,-255,-255,     ,     ,    ,    ,29.90,29.98,30.17,28 ,1008,29.80, 8 ,1826,  T  , 0.00, T   , 18  ,     ,     ,   ,    ,    ,   ,  0 ,   , 0, 0, 0,31, 0, 0, 0, 0, 0,M ,M , 0, 22,130, 11, 28,120, 11,    ,  9.9,141, 11.0,   .0, 21.2
12973,19960731,     ,     ,     ,     ,     ,     ,     ,     ,    ,    ,    ,    ,     ,     ,    ,    ,     ,     ,     ,   ,    ,     ,   ,    ,     ,     ,     ,     ,     ,     ,   ,    ,    ,   ,    ,   ,  ,  ,  ,  ,  ,  ,  , 0, 0,  ,  , 0,   ,   ,   ,   ,   ,   ,    ,     ,   ,     ,     ,     
12974,19960731,   .0,     ,   .0,     ,   .0,   .0,     ,     ,   0,   0,   0,   0,     ,     ,    ,    ,     ,     ,  .00, 0 ,0000,  .00, 0 ,0000, 0.00, 0.00, 0.00, XX  ,     ,     ,   , 0.0, 0.0, XX,  0 ,-XX, 0, 0, 0, 0, 0, 0, 0, 0, 0, 0, 0, 0,   ,   ,   ,   ,   ,   ,    ,     ,   ,     ,     ,     
13722,19960731, 88.5,   .5, 68.6,   .5, 78.6,   .5, 68.9, 71.8,   0, 427,   0,  21,     ,     ,    ,    ,29.50,29.94,30.26,11 ,1134,29.60, 3 ,1535, 7.05, 3.04, 1.46, 15  ,     ,     ,   ,    ,    ,   ,  0 ,   , 0, 0, 0,14, 0, 0, 0,10, 6,18, 8, 0, 28,230, 31, 37,030,+31,    ,  2.2,233,  6.3,   .0, 13.8
13723,19960731, 86.5,  -.4, 67.4,   .5, 77.0,   .1, 65.6, 69.3,   0, 378,   0,   9,     ,     ,    ,    ,29.02,29.99,30.24,28 ,0849,29.63, 3 ,0450, 4.72, 0.21, 1.34,23-24,     ,     ,   ,    ,    ,   ,  0 ,   , 0, 0, 0, 9, 0, 0, 0, 8, 1,14, 7, 0, 26,070, 25, 36,070, 25,    ,  2.6,267,  6.9,   .0, 12.2
13729,19960731, 77.4, -3.0, 55.3, -1.6, 66.4, -2.3, 59.5, 62.0,  39,  87,  28, -39,     ,     ,    ,    ,27.89,30.01,30.34,28 ,0906,29.66, 3 ,0459, 7.23, 2.70, 2.91,30-31,     ,     ,   ,T   ,    ,   ,  0 ,   , 0, 0, 0, 0, 0, 0, 0, 8,14,M ,M , 0, 23,260, 19, 29,270,+31,    ,  0.7,241,  3.2,  1.3,  2.8
13737,19960731, 84.9, -1.5, 70.4,   .4, 77.7,  -.5, 68.7, 71.7,   0, 401,   0,  -8,     ,     ,    ,    ,29.89,29.86,30.28,11 ,1113,29.37,13 ,0250, 1.05,-4.01, 1.05, 31  ,     ,     ,   ,    ,    ,   ,  0 ,   , 0, 0, 0, 7, 0, 0, 0, 8, 1,M ,M , 0, 36,250, 31, 47,180, 13,    ,  2.5,218,  8.7,   .0, 12.9
13739,19960731, 82.2, -3.9, 66.7,  -.5, 74.5, -2.2, 63.6, 67.6,   0, 301,   0, -62,     ,     ,    ,    ,29.89,29.93,30.31,11 ,1049,29.46,13 ,1140, 8.18, 3.90, 2.43,12-13,     ,     ,   ,    ,    ,   ,  0 ,   , 0, 0, 0, 0, 0, 0, 0, 7, 1,18,10, 0, 36,250, 08, 43,250, 08,    ,  3.6,253,  8.5,   .0,  9.6
13740,19960731, 85.2, -3.2, 67.5,   .0, 76.4, -1.6, 66.4, 69.8,   0, 360,   0, -43,     ,     ,    ,    ,29.74,29.95,30.30,11 ,1037,29.50,13 ,0340, 6.45, 1.42, 2.24,12-13,     ,     ,   ,    ,    ,   ,  0 ,   , 0, 0, 0, 5, 0, 0, 0, 6, 2,15, 8, 0, 30,210, 15, 37,290, 08,    ,  1.6,235,  7.3,   .0, 11.6
13741,19960731, 84.2, -2.2, 64.6,  -.2, 74.4, -1.2, 62.8, 67.0,   0, 300,   0, -29,     ,     ,    ,    ,28.75,29.95,30.29,11 ,1101,29.64, 3 ,0722, 2.63,-1.28, 0.98, 2-3 ,     ,     ,   ,    ,    ,   ,  0 ,   , 0, 0, 0, 4, 0, 0, 0, 6, 2,14, 5, 0, 25,280,+19, 34,250, 19,    ,  2.8,279,  5.9,   .0,  9.7
13748,19960731, 88.0,  -.5, 72.6,   .9, 80.3,   .2, 72.3, 74.4,   0, 483,   0,  15,     ,     ,    ,    ,29.92,29.98,30.28,16 ,1203,28.90,12 ,1528,13.42, 5.29, 5.63,11-12,     ,     ,   ,T   ,    , 30,  0 ,   , 0, 0, 0,13, 0, 0, 0,14, 3,15,10, 0, 53,040, 12, 69,050, 12,    ,  4.2,221,  8.5,   .0, 15.6
13750,19960731, 85.4,     , 70.8,     , 78.1, -1.3,     ,     ,   0, 414,   0, -42,     ,     ,    ,    ,     ,     ,30.29,11 ,1138,29.35,13 ,0248, 7.23, 6.77, 3.73,12-13,     ,     ,   ,    ,    ,   ,  0 ,   , 0, 0, 0, 7, 0, 0, 0, 2, 0,13,10, 0, 33,080,+31, 47,090, 12,    ,     ,   ,     ,     ,     
13754,19960731, 86.4,     , 71.9,     , 79.2,  -.5,     ,     ,   0, 446,   0,  -7,     ,     ,    ,    ,     ,     ,30.26,16 ,1347,29.40,12 ,1852, 6.23,-1.32, 1.58, 16  ,     ,     ,   ,    ,    ,   ,  0 ,   , 0, 0, 0, 6, 0, 0, 0, 0, 4,M ,M , 0, 54,130, 12,147,360, 23,    ,     ,   ,  8.7,   .0, 14.4
13762,19960731, 85.7,     , 68.6,     , 77.2,  -.7,     ,     ,   0, 186,   0,-209,     ,     ,    ,    ,     ,     ,30.26,28 ,1220,29.72,19 ,2032, 5.24, 0.35, 2.54,18-19,     ,     ,   ,    ,    ,   ,  0 ,   , 0, 0, 0,M ,M ,M ,M , 0, 1,M ,M , 0, 18,360, 20, 24,020,+31,    ,     ,   ,     ,     ,     
13769,19960731, 84.3,     , 68.9,     , 76.6, -1.3, 68.4, 71.2,   0, 368,   0, -27,     ,     ,    ,    ,29.90,29.95,30.29,11 ,1155,29.44,13 ,0242, 3.96, -.93, 1.93,18-19,     ,     ,   ,    ,    ,   ,  0 ,   , 0, 0, 0, 6, 0, 0, 0, 0, 1,M ,M , 0, 40,080,+31, 49,270, 31,    ,  2.6,202,  8.8,   .0, 11.5
13773,19960731, 83.1,     , 67.3,     , 75.2, -2.6,     ,     ,   0, 325,   0, -76,     ,     ,    ,    ,     ,     ,30.31,11 ,1052,29.54, 3 ,0351, 6.07, 2.28, 1.78,18-19,     ,     ,   ,    ,    ,   ,  0 ,   , 0, 0, 0, 3, 0, 0, 0, 0, 0,M ,M , 0, 16,300, 26, 21,300, 26,    ,     ,   ,     ,     ,     
13781,19960731, 82.0, -3.6, 66.3,  -.8, 74.2, -2.2, 65.2, 68.4,   0, 291,   0, -62,     ,     ,    ,    ,29.82,29.93,30.31,11 ,1126,29.47,13 ,1024, 6.25, 2.02, 2.35,12-13,     ,     ,   ,    ,    ,   ,  0 ,   , 0, 0, 0, 2, 0, 0, 0, 7, 3,M ,M , 0, 34,300, 09, 44,300, 09,    ,  2.9,262,  7.8,   .0,  9.4
13837,19960731, 90.4,     , 72.7,     , 81.6,   .0,     , 71.2,   0, 487, 255, 260,     ,     ,    ,    ,29.52,     ,30.28,17 ,0958,29.62, 3 ,1700, 0.02, 0.00, 0.02, 31  ,     ,     ,   ,    ,    ,   ,  0 ,   , 0, 0, 0,M ,M ,M ,M , 0, 4,M ,M , 0, 36,190, 13, 47,190, 13,    ,  2.2,259,  6.4,   .0, 16.8
13865,19960731, 91.9,  -.2, 69.3,  -.6, 80.6,  -.4, 70.7, 73.5,   0, 491,   0,  -5,     ,     ,    ,    ,29.68,30.02,30.27,28 ,1036,  .00, 0 ,0000, 9.33, 4.18, 3.95, 15  ,     ,     ,   ,    ,    ,   ,  0 ,   , 0, 0, 0,25, 0, 0, 0,13, 2,13,11, 0, 33,200, 29, 41,200, 29,    ,  1.6,232,  5.1,   .0, 15.8
13866,19960731, 81.0, -4.7, 62.1, -2.3, 71.6, -3.5, 63.8, 66.6,   2, 213,   2,-100,     ,     ,    ,    ,28.92,29.99,30.26,27 ,1106,29.65, 3 ,0223, 8.50, 3.51, 3.30,30-31,     ,     ,   ,    ,    ,   ,  0 ,   , 0, 0, 0, 0, 0, 0, 0,11, 9,15,10, 0, 26,190, 02, 34,180, 02,    , NaNQ,NaN,  2.8,   .1,  6.9
13873,19960731, 89.4,  -.2, 69.3,  -.2, 79.4,  -.2, 69.0, 72.1,   0, 453,   0,   0,     ,     ,    ,    ,29.13,30.01,30.28,18 ,1153,29.67, 3 ,1656, 4.53, -.35, 2.00, 13  ,     ,     ,   ,    ,    ,   ,  0 ,   , 0, 0, 0,17, 0, 0, 0, 8, 2,13, 7, 0, 21,300,+19, 28,190, 13,    ,  2.1,279,  5.9,   .0, 14.6
13874,19960731, 91.4,  3.4, 72.1,  2.6, 81.8,  3.0,     ,     ,   0, 527,   0,  99,     ,     ,    ,    ,     ,     ,30.28,28 ,1310,29.69, 3 ,1616, 2.14,-2.87, 0.70,26-27,     ,     ,   ,    ,    ,   ,  0 ,   , 0, 0, 0,24, 0, 0, 0, 7, 0,12, 7, 0, 23,360, 20, 29,290,+24,    ,     ,   ,  7.2,   .0, 17.0
13877,19960731, 81.4, -3.2, 62.7, -1.4, 72.1, -2.3, 64.0, 66.8,   0, 227,   0, -64,     ,     ,    ,    ,28.41,30.01,30.27,17 ,0933,29.71, 3 ,0435, 5.74, 1.42, 1.43,14-15,     ,     ,   ,    ,    ,   ,  0 ,   , 0, 0, 0, 1, 0, 0, 0, 8,11,15, 9, 0, 33,230, 14, 33,230, 14,    ,  1.5,262,  3.9,   .0,  7.3
13880,19960731, 90.1,  -.1, 73.6,   .9, 81.9,   .4, 72.6, 75.0,   0, 531,   0,  19,     ,     ,    ,    ,29.93,29.93,30.29,28 ,0859,29.61, 3 ,1653, 7.34, 0.50, 1.44,15-16,     ,     ,   ,    ,    ,   ,  0 ,   , 0, 0, 0,18, 0, 0, 0,16, 3,19,12, 0, 34,030, 11, 45,020, 11,    ,  4.5,235,  8.6,   .0, 17.1
13882,19960731, 88.5,  -.5, 69.5,  1.2, 79.0,   .3,     , 69.3,   0, 440,   0,  15,     ,     ,    ,    ,29.27,     ,30.25,17 ,0831,29.73, 3 ,0359, 5.55, 0.70, 1.61, 31  ,     ,     ,   ,    ,    ,   ,  0 ,   , 0, 0, 0,15, 0, 0, 0,10, 1,14, 8, 0, 31,210, 14, 39,310, 29,    ,  1.1,258,  5.1,   .0, 14.2
13883,19960731, 91.9,   .3, 72.0,  2.0, 82.0,  1.2, 68.6, 72.7,   0, 533,   0,  43,     ,     ,    ,    ,29.72,29.98,30.26,17 ,1006,29.58, 3 ,1641, 3.54,-1.96, 0.71,15-16,     ,     ,   ,    ,    ,   ,  0 ,   , 0, 0, 0,22, 0, 0, 0,11, 0,14, 8, 0, 37,260, 22, 44,280, 22,    ,  3.2,246,  7.0,   .0, 17.2
13889,19960731, 91.2,  -.2, 73.7,  1.8, 82.5,   .9, 72.9, 75.5,   0, 549,   0,  34,     ,     ,    ,    ,29.97,29.97,30.26,17 ,1101,29.72, 3 ,1704, 4.20,-1.40, 1.56, 5   ,     ,     ,   ,    ,    ,   ,  0 ,   , 0, 0, 0,22, 0, 0, 0,10, 1,10, 7, 0, 32,020, 14, 36,020, 14,    ,  4.0,241,  7.3,   .0, 17.7
13891,19960731, 85.8, -1.3, 67.8,  1.8, 76.8,   .2, 65.1, 69.3,   0, 371,   0,  11,     ,     ,    ,    ,28.94,29.99,30.25,17 ,0929,29.71, 3 ,0521, 5.39, 0.72, 1.52,20-21,     ,     ,   , 0.8,    ,   ,  0 ,   , 0, 0, 0, 7, 0, 0, 0, 8, 1,M ,M , 0, 43,240, 31, 52,240, 31,    ,  2.6,265,  6.5,   .0, 11.9
13894,19960731, 90.8,  -.5, 72.6,  -.6, 81.7,  -.6, 73.0, 75.2,   0, 526,   0, -10,     ,     ,    ,    ,29.77,30.03,30.23,29 ,0910,29.76, 3 ,1628, 4.95,-1.90, 1.47, 8   ,     ,     ,   ,    ,    ,   ,  0 ,   , 0, 0, 0,23, 0, 0, 0,17, 2,11, 8, 0, 24,220,+19, 31,020, 19,    ,  1.9,217,  5.6,   .0, 17.0
13895,19960731, 90.8,  -.3, 70.7,  -.8, 80.8,  -.5, 70.9, 73.0,   0, 477,   0, -28,     ,     ,    ,    ,29.78,29.97,30.30,28 ,1347,29.72, 3 ,1659, 8.72, 3.53, 2.50, 7-8 ,     ,     ,   ,    ,    ,   ,  0 ,   , 0, 0, 0,M ,M ,M ,M ,13, 2,18,14, 0, 31,340, 03, 38,340, 03,    ,  1.4,250,  4.8,   .0, 15.9
13897,19960731, 86.2, -3.3, 68.9,   .0, 77.6, -1.7, 66.2, 70.2,   0, 397,   0, -46,     ,     ,    ,    ,29.22,29.89,30.24,27 ,1007,29.70, 8 ,1643, 5.45, 1.48, 3.09,21-22,     ,     ,   ,    ,    ,   ,  0 ,   , 0, 0, 0, 9, 0, 0, 0, 9, 1,12,10, 0, 32,290, 21, 44,300, 21,    ,  2.1,249,  6.1,   .0, 12.8
13932,19960731, 91.2,     , 69.8,     , 80.5, 80.5, 66.6, 71.1,   0, 486,   0, 486,     ,     ,    ,    ,28.72,29.95,30.18,10 ,1249,29.69, 8 ,0126,  M  , 0.00, M   ,     ,     ,     ,   ,    ,    ,   ,  0 ,   , 0, 0, 0,18, 0, 0, 0, 0, 0,M ,M , 0, 47,360, 08, 59,360, 08,    ,  3.7,135,  9.2,   .0, 15.7
13935,19960731, 91.0,     , 71.2,     , 81.1,   .0, 73.4, 74.8,   0, 489,-255,-255,     ,     ,    ,    ,29.85,29.97,30.21,29 ,0917,29.79, 8 ,1822, 2.71, 0.00, 0.97,30-31,     ,     ,   ,    ,    ,   ,  0 ,   , 0, 0, 0,M ,M ,M ,M , 7, 6,M ,M , 0, 32,260, 09, 40,260, 09,    ,  1.3,240,  3.1,   .0, 16.3
13957,19960731, 91.4, -1.6, 73.1,   .8, 82.3,  -.4, 73.1, 75.6,   0, 543,   0,  -6,     ,     ,    ,    ,29.68,29.93,30.18,28 ,1041,29.74, 8 ,1811, 5.70, 2.03, 2.50,24-25,     ,     ,   ,    ,    ,   ,  0 ,   , 0, 0, 0,22, 0, 0, 0,12, 1, 9, 7, 0, 32,300,+24, 49,310, 23,    ,  3.0,169,  6.2,   .0, 17.5
13958,19960731, 98.3,  3.3, 75.1,  1.2, 86.7,  2.2, 69.0, 74.4,   0, 682,   0,  77,     ,     ,    ,    ,29.31,29.95,30.16,28 ,1051,29.73, 8 ,1826, 0.15,-1.89, 0.15, 10  ,     ,     ,   ,    ,    ,   ,  0 ,   , 0, 0, 0,31, 0, 0, 0, 2, 0, 1, 1, 0, 28,120, 10, 37,130, 10,    ,  5.9,164,  7.5,   .0, 22.0
13959,19960731, 97.8,  1.0, 76.3,  1.9, 87.1,  1.5, 69.9, 75.0,   0, 690,   0,  51,     ,     ,    ,    ,29.38,29.91,30.17,28 ,1033,29.73, 8 ,1904, 2.64, 0.65, 1.14,12-13,     ,     ,   ,    ,    ,   ,  0 ,   , 0, 0, 0,28, 0, 0, 0, 0, 0, 9, 6, 0, 32,340, 23, 40,220,+23,    ,  7.2,160,  9.5,   .0, 22.3
13962,19960731, 95.2,   .0, 73.6,   .9, 84.4,   .4, 64.8, 71.3,   0, 609,   0,  20,     ,     ,    ,    ,28.08,29.92,30.15,28 ,1024,29.70, 8 ,1917, 0.71,-1.38, 0.25,13-14,     ,     ,   ,    ,    ,   ,  0 ,   , 0, 0, 0,27, 0, 0, 0, 9, 1,M ,M , 0, 37,350, 26, 48,340, 26,    ,  5.8,159,  9.4,   .0, 19.7
13964,19960731, 88.9, -4.1, 70.5,   .5, 79.7, -1.3, 71.0, 73.0,   0, 447,   0, -65,     ,     ,    ,    ,29.47,29.97,30.17,28 ,0952,29.72, 8 ,0314, 7.67, 4.68, 3.26, 30  ,     ,     ,   ,    ,    ,   ,  0 ,   , 0, 0, 0,M ,M ,M ,M , 7, 3,12, 9, 0, 32,270, 24, 37,270, 24,    ,  1.0,101,  5.3,   .0, 14.9
13966,19960731, 98.3,  1.1, 38.2,-34.5, 68.3,-16.0, 64.8, 71.8,   0, 618,   0,  -2,     ,     ,    ,    ,28.85,29.87,30.14,28 ,0828,29.67, 7 ,1824, 1.61, -.11, 0.78, 24  ,     ,     ,   ,    ,    ,   ,  0 ,   , 0, 0, 0,M ,M ,M ,M , 9, 0, 8, 4, 0, 46,340, 24, 49,330, 24,    ,  5.3,155, 11.3,   .0, 21.3
13967,19960731, 92.0, -1.4, 70.7,   .1, 81.4,  -.6, 67.0, 71.2,   0, 514,   0, -13,     ,     ,    ,    ,28.58,29.95,30.17,28 ,0912,29.71, 8 ,0317,11.90, 9.29, 5.01,10-11,     ,     ,   ,    ,    ,   ,  0 ,   , 0, 0, 0,17, 0, 0, 0, 8, 1,11, 8, 0, 37,340, 22, 47,080, 14,    ,  4.3,153,  8.9,   .0, 16.6
13968,19960731, 91.4, -2.3, 71.8, -1.0, 81.6, -1.7, 68.2, 72.5,   0, 522,   0, -45,     ,     ,    ,    ,29.24,29.96,30.19,10 ,1313,29.67, 6 ,1755, 3.22, 0.13, 1.94,29-30,     ,     ,   ,    ,    ,   ,  0 ,   , 0, 0, 0,19, 0, 0, 0, 5, 1,M ,M , 0, 38,280, 22, 47,280, 22,    ,  4.1,172,  8.3,   .0, 16.8
13970,19960731, 91.1,  -.3, 72.6,  -.6, 81.9,  -.4, 73.2, 75.5,   0, 529,   0,  -7,     ,     ,    ,    ,29.90,30.01,30.21,28 ,1451,29.77, 3 ,1718, 2.54,-4.20, 0.46,18-19,     ,     ,   ,    ,    ,   ,  0 ,   , 0, 0, 0,23, 0, 0, 0,16, 1,15, 9, 0, 23,170,+25, 33,150, 17,    ,  1.2,215,  4.9,   .0, 17.1
13981,19960731, 86.4,     , 67.4,     , 76.9, 76.9, 66.4, 69.7,   0, 378,  -6, -96,     ,     ,    ,    ,28.91,29.93,30.20,26 ,0854,29.68, 8 ,0257, 4.42,-4.54, 2.27,     ,     ,     ,   ,    ,    ,   ,  0 ,   , 0, 0, 0, 9, 0, 0, 0, 5, 1, 7, 6, 0, 34,290, 08, 43,290, 08,    ,  3.0,126,  7.8,   .0, 12.2
13984,19960731, 87.5, -3.7, 65.3, -2.5, 76.4, -3.1, 63.2, 67.7,   0, 362,   0, -88,     ,     ,    ,    ,28.40,29.92,30.21,10 ,0849,29.73,17 ,1835, 4.25,-2.54, 1.04,22-23,     ,     ,   ,    ,    ,   ,  0 ,   , 0, 0, 0,13, 0, 0, 0, 9, 2,M ,M , 0, 43,330, 08, 56,320, 22,    ,  3.0,140,  9.1,   .0, 11.7
13985,19960731, 90.0, -3.1, 65.5, -2.0, 77.8, -2.5, 62.7, 67.6,   6, 406,   6, -68,     ,     ,    ,    ,27.29,29.86,30.17,10 ,1123,29.65, 4 ,1754, 6.09, 2.85, 2.07, 29  ,     ,     ,   ,    ,    ,   ,  0 ,   , 0, 0, 0,15, 0, 0, 0,12, 3,13, 7, 0, 56,360, 29, 79,020, 29,    ,  5.2,149, 11.1,   .2, 13.1
13986,19960731, 90.1,     , 66.5,     , 78.3, 78.3, 64.7, 69.1,   0, 422,   0, 422,     ,     ,    ,    ,28.32,29.89,30.17,10 ,0808,29.70, 7 ,2132, 0.00, 0.00, M   ,     ,     ,     ,   ,    ,    ,   ,  0 ,   , 0, 0, 0,18, 0, 0, 0, 3, 0,M ,M , 0, 45,290, 21, 52,300, 21,    ,  3.5,153,  8.5,   .0, 13.6
13989,19960731, 88.1,     , 66.7,     , 77.4, 77.4, 65.4, 69.3,   0, 392,   0, 392,     ,     ,    ,    ,28.67,29.97,30.21,10 ,0824,29.70, 8 ,0123,  M  , 0.00, M   ,     ,     ,     ,   ,    ,    ,   ,  0 ,   , 0, 0, 0,14, 0, 0, 0, 6, 1,M ,M , 0, 45,020, 13, 55,340, 08,    ,  3.3,139,  8.1,   .0, 12.7
13994,19960731, 84.9, -4.4, 66.6, -3.8, 75.8, -4.0, 64.2, 68.4,   0, 342,   0,-117,     ,     ,    ,    ,29.37,29.94,30.23,27 ,1247,29.70, 8 ,1114, 6.33, 2.48, 2.69,28-29,     ,     ,   ,    ,    ,   ,  0 ,   , 0, 0, 0, 7, 0, 0, 0, 5, 0,10, 8, 0, 38,360, 19, 72,300, 29,    ,  2.0,268,  7.8,   .0, 11.0
13995,19960731, 84.7, -4.9, 65.3, -1.3, 75.0, -3.1, 66.0, 69.1,   0, 317,   0, -89,     ,     ,    ,    ,28.63,29.95,30.20,26 ,1727,29.70, 8 ,0350, 2.90, -.02, 1.12, 2   ,     ,     ,   ,    ,    ,   ,  0 ,   ,M ,M ,M ,10, 0, 0, 0, 7, 2, 7, 5, 0, 40,340, 22, 51,330, 22,    ,  1.5,163,  7.2,   .0, 10.2
13996,19960731, 86.3, -3.0, 66.4, -1.2, 76.4, -2.1, 65.5, 69.0,   0, 358,   0, -61,     ,     ,    ,    ,29.01,29.97,30.22,10 ,0925,29.71,20 ,1723, 2.65, -.93, 0.78, 4   ,     ,     ,   ,    ,    ,   ,  0 ,   , 0, 0, 0, 9, 0, 0, 0, 6, 2, 8, 5, 0, 36,340, 22, 46,340, 22,    ,  1.8,119,  6.7,   .0, 11.6
14610,19960731, 73.7,     , 56.6,     , 65.2,   .0, 54.3, 59.2,  36,  48,-255,-255,     ,     ,    ,    ,29.39,30.01,30.35,29 ,0950,29.10,19 ,2307, 0.92, 0.00, 0.59,19-20,     ,     ,   ,    ,    ,   ,  0 ,   , 0, 0, 0, 0, 0, 0, 0, 0, 2,M ,M , 0, 24,280, 16, 32,300, 06,    ,  1.4,287,  5.3,  1.2,  1.6
14732,19960731, 81.1, -2.8, 68.0,  -.9, 74.6, -1.8, 62.4, 67.0,   0, 306,   0, -47,     ,     ,    ,    ,29.87,30.01,30.30,12 ,1035,29.40,13 ,1443, 4.73, 0.66, 1.57,12-13,     ,     ,   ,    ,    ,   ,  0 ,   , 0, 0, 0, 2, 0, 0, 0, 6, 1,13, 9, 0, 33,140,+19, 44,270,+13,    ,  2.3,255,  9.9,   .0,  9.9
14733,19960731, 77.1, -3.1, 59.9, -2.0, 68.5, -2.6, 57.3, 61.9,  15, 131,  10, -63,     ,     ,    ,    ,29.13,29.94,30.31,28 ,1044,29.50,19 ,0924, 5.15, 2.07, 1.92,30-31,     ,     ,   ,    ,    ,   ,  0 ,   , 0, 0, 0, 0, 0, 0, 0, 5, 0,11, 8, 0, 30,190, 24, 37,230, 19,    ,  5.6,239,  9.2,   .5,  4.2
14734,19960731, 81.2, -5.8, 66.5, -2.1, 73.9, -3.9,     ,     ,   0, 282,   0,-115,     ,     ,    ,    ,     ,     ,30.30,12 ,1007,29.43,13 ,1437, 8.27, 3.77, 2.51, 31  ,     ,     ,   ,    ,    ,   ,  0 ,   , 0, 0, 0, 1, 0, 0, 0, 6, 2,10, 9, 0, 33,310, 09, 40,140,+20,    ,     ,   ,  8.9,   .0,  9.1
14735,19960731, 79.1, -4.9, 60.3,   .7, 69.7, -2.1, 60.0, 63.8,   1, 153,   1, -60,     ,     ,    ,    ,29.59,29.99,30.31,12 ,0808,29.42,19 ,1614, 6.46, 3.28, 3.49, 13  ,     ,     ,   ,    ,    ,   ,  0 ,   , 0, 0, 0, 0, 0, 0, 0, 4, 0,M ,M , 0, 32,290, 20, 44,320, 20,    ,  3.4,251,  7.9,   .0,  4.9
14737,19960731, 80.1, -4.4, 60.7, -2.9, 70.4, -3.7, 60.4, 64.4,   2, 177,   2,-105,     ,     ,    ,    ,29.49,29.97,30.32,11 ,1109,29.50, 3 ,1446, 7.10, 2.96, 2.41,12-13,     ,     ,   ,    ,    ,   ,  0 ,   , 0, 0, 0, 0, 0, 0, 0, 6, 4,19,12, 0, 26,230, 15, 37,250, 03,    ,  2.3,265,  6.3,   .1,  5.7
14739,19960731, 79.4, -2.4, 64.3,  -.8, 71.9, -1.6, 60.1, 64.6,   1, 222,   1, -42,     ,     ,    ,    ,29.80,30.01,30.29,29 ,1012,29.35,19 ,2118, 5.23, 2.39, 3.36, 13  ,     ,     ,   ,    ,    ,   ,  0 ,   , 0, 0, 0, 0, 0, 0, 0, 3, 0,M ,M , 0, 30,310,+20, 38,310,+20,    ,  4.9,234, 10.3,   .0,  7.2
14740,19960731, 80.4, -4.6, 61.9,  -.3, 71.2, -2.5, 60.8, 64.8,   1, 200,   1, -70,     ,     ,    ,    ,29.69,29.96,30.30,12 ,0823,29.40,19 ,1740, 6.97, 3.78, 2.90, 13  ,     ,     ,   ,    ,    ,   ,  0 ,   , 0, 0, 0, 0, 0, 0, 0, 4, 1,11, 8, 0, 33,300, 20, 41,300, 20,    ,  3.3,234,  7.6,   .0,  6.5
14742,19960731, 77.8, -3.4, 59.3,  -.4, 68.6, -1.9, 58.4, 62.6,  11, 124,   5, -52,     ,     ,    ,    ,29.47,30.03,30.28,29 ,0750,29.33,19 ,1631, 4.74, 1.09, 0.99, 3-4 ,     ,     ,   ,    ,    ,   ,  0 ,   , 0, 0, 0, 0, 0, 0, 0, 6, 0,20,10, 0, 34,330, 19, 40,330,+20,    ,  2.7,224,  7.7,   .4,  4.0
14745,19960731, 79.0, -3.4, 57.7,  1.2, 68.4, -1.1, 58.7, 62.6,  10, 122,  -3, -31,     ,     ,    ,    ,29.48,30.10,30.29,29 ,1014,29.30,19 ,1900, 5.17, 1.94, 2.54, 13  ,     ,     ,   ,    ,    ,   ,  0 ,   , 0, 0, 0, 0, 0, 0, 0, 6, 2,13, 9, 0, 31,330, 20, 40,330, 20,    ,  2.0,268,  6.1,   .3,  3.9
14764,19960731, 74.7, -4.1, 58.1,  -.2, 66.4, -2.2, 59.0, 61.8,  23,  75,  12, -48,     ,     ,    ,    ,29.79,30.10,30.32,29 ,1014,29.24,19 ,2050, 6.21, 3.12, 3.37,13-14,     ,     ,   , 8.5,    ,   ,  0 ,   , 0, 0, 0, 0, 0, 0, 0, 6,11,15, 8, 0, 31,070, 13, 38,280, 16,    ,  1.9,226,  6.9,   .8,  2.4
14765,19960731, 79.2, -2.9, 63.0,  -.2, 71.1, -1.6,     , 62.1,   0, 178,   0, -61,     ,     ,    ,    ,29.82,     ,30.31,12 ,1027,29.41,19 ,2154, 5.57, 2.39, 3.57, 13  ,     ,     ,   ,    ,    ,   ,  0 ,   , 0, 0, 0,M ,M ,M ,M , 3, 4, 9, 6, 0, 39,140, 13, 51,130, 13,    ,  4.7,231,  9.0,     ,     
14768,19960731, 78.2, -2.5, 57.9, -1.7, 68.1, -2.1, 59.5, 62.9,  19, 120,   9, -51,     ,     ,    ,    ,29.30,29.95,30.32,28 ,1058,29.47,19 ,1048, 2.20, -.51, 0.60, 15  ,     ,     ,   ,    ,    ,   ,  0 ,   , 0, 0, 0, 0, 0, 0, 0, 3, 0,11, 6, 0, 28,290, 20, 37,290, 20,    ,  4.9,259,  8.2,   .6,  3.9
14771,19960731, 78.9, -2.8, 59.9,   .9, 69.4, -1.0, 58.9, 63.0,   5, 150,  -5, -28,     ,     ,    ,    ,29.44,29.95,30.29,28 ,1059,29.42,19 ,1058, 4.24, 0.43, 1.12,18-19,     ,     ,   ,    ,    ,   ,  0 ,   , 0, 0, 0, 0, 0, 0, 0, 3, 0,11, 7, 0, 30,280, 20, 37,280, 20,    ,  3.9,263,  8.0,   .2,  4.8
14777,19960731, 78.4, -3.4, 59.3, -2.3, 68.9, -2.8,     ,     ,   9, 132,   9, -78,     ,     ,    ,    ,     ,     ,30.30,28 ,0859,29.50,19 ,1510, 6.02, 2.23, 2.45,12-13,     ,     ,   ,    ,    ,   ,  0 ,   , 0, 0, 0, 0, 0, 0, 0, 8, 5,18, 9, 0, 25,320,+25, 33,320,+26,    ,     ,   ,  5.7,   .3,  4.3
14778,19960731, 79.8, -3.3, 60.7,  -.8, 70.3, -2.0, 61.4, 64.7,   2, 173,   2, -56,     ,     ,    ,    ,29.33,29.90,30.31,28 ,0830,29.52, 3 ,1258, 5.73, 1.75, 0.95,14-15,     ,     ,   ,    ,    ,   ,  0 ,   , 0, 0, 0, 0, 0, 0, 0,10, 5,17,13, 0, 24,190, 25, 31,350, 08,    ,  2.3,275,  5.7,   .1,  5.6
14787,19960731, 75.2,     , 61.9,     , 68.6,   .0, 61.9, 64.3,   4, 121,-255,-255,     ,     ,    ,    ,29.70,30.03,30.34,12 ,1101,29.42,19 ,2140, 3.81, 0.00, 1.26, 13  ,     ,     ,   ,    ,    ,   ,  0 ,   , 0, 0, 0, 0, 0, 0, 0, 0,14,13, 5, 0, 33,180, 13, 41,140, 13,    ,  4.2,209,  7.8,   .1,  3.9
14793,19960731, 83.4,     , 64.6,     , 74.0, -1.1,     ,     ,   0, 249,  -2, -75,     ,     ,    ,    ,     ,     ,30.34,11 ,1050,29.51,13 ,1247, 6.61, 2.15, 2.53,12-13,     ,     ,   ,    ,    ,   ,  0 ,   , 0, 0, 0,M ,M ,M ,M , 0, 0,M ,M , 0, 15,330, 31, 21,310, 31,    ,     ,   ,     ,     ,     
14820,19960731, 78.9, -3.5, 60.3, -1.1, 69.6, -2.3, 58.5, 63.2,   8, 160,   8, -58,     ,     ,    ,    ,29.11,29.94,30.30,11 ,0926,29.64, 9 ,0032, 3.19, -.33, 1.13,14-15,     ,     ,   ,    ,    ,   ,  0 ,   , 0, 0, 0, 0, 0, 0, 0, 5, 0,14, 7, 0, 29,290, 24, 34,300,+24,    ,  2.6,267,  8.6,   .3,  5.2
14821,19960731, 83.1,  -.6, 62.3,  -.4, 72.7,  -.5, 58.9, 63.9,   2, 240,   2, -18,     ,     ,    ,    ,29.06,29.97,30.25,11 ,0951,29.63, 8 ,1831, 5.10, 0.79, 2.16,17-18,     ,     ,   ,    ,    ,   ,  0 ,   , 0, 0, 0,M ,M ,M ,M , 5, 1,11, 5, 0, 45,300,+30, 55,270, 30,    ,  2.2,259,  7.5,   .1,  8.0
14826,19960731, 79.5, -2.0, 55.7, -4.0, 67.6, -3.0, 56.5, 61.1,  26, 111,  15, -73,     ,     ,    ,    ,28.82,29.95,30.28,27 ,1100,29.60, 8 ,1356, 1.96, -.75, 0.42, 2   ,     ,     ,   ,    ,    ,   ,  0 ,   , 0, 0, 0, 0, 0, 0, 0, 9, 2,16, 8, 0, 24,340, 08, 33,210, 14,    ,  3.3,260,  6.8,   .8,  3.6
14827,19960731, 81.3, -3.3, 59.2, -4.0, 70.3, -3.7, 58.8, 63.2,   6, 176,   6,-103,     ,     ,    ,    ,29.10,29.98,30.28,27 ,1039,29.64, 8 ,1948, 7.88, 4.43, 3.58,17-18,     ,     ,   ,    ,    ,   ,  0 ,   , 0, 0, 0, 2, 0, 0, 0, 9, 2,13, 9, 0, 31,300,+24, 44,300, 24,    ,  3.0,266,  6.8,   .2,  5.7
14836,19960731, 79.1, -3.5, 54.1, -4.9, 66.6, -4.2, 54.6, 60.1,  38,  96,  30, -92,     ,     ,    ,    ,29.03,29.96,30.28,27 ,1202,29.61, 8 ,1728, 2.23, -.29, 0.72,28-29,     ,     ,   ,    ,    ,   ,  0 ,   , 0, 0, 0, 0, 0, 0, 0, 4, 0,14, 5, 0, 28,240, 08, 34,240, 08,    ,  3.7,258,  7.2,  1.2,  3.1
14837,19960731, 77.5, -4.9, 57.4, -2.1, 67.5, -3.5, 58.8, 62.5,  18, 103,   6, -95,     ,     ,    ,    ,29.01,29.96,30.24,27 ,0955,29.66, 8 ,1401, 4.08, 0.69, 2.22,17-18,     ,     ,   ,    ,    ,   ,  0 ,   , 0, 0, 0, 0, 0, 0, 0, 9, 2, 0, 0, 0, 28,340, 02, 37,340, 02,    ,  1.3,257,  6.1,   .6,  3.3
14839,19960731, 77.4, -2.5, 60.0, -2.0, 68.7, -2.2, 56.9, 61.9,  17, 140,   3, -57,     ,     ,    ,    ,29.20,29.96,30.27,27 ,1044,29.62, 8 ,1454, 1.62,-1.85, 0.70,17-18,     ,     ,   ,    ,    ,   ,  0 ,   , 0, 0, 0, 0, 0, 0, 0, 5, 0,13, 5, 0, 26,310, 09, 33,290,+09,    ,  1.9,262,  8.2,   .6,  4.5
14840,19960731, 75.1, -5.2, 55.2, -5.0, 65.2, -5.1, 54.8, 59.8,  42,  52,  32,-122,     ,     ,    ,    ,29.26,29.93,30.28,27 ,0824,29.62, 8 ,1622, 1.87, -.23, 1.04,28-29,     ,     ,   ,    ,    ,   ,  0 ,   , 0, 0, 0, 0, 0, 0, 0, 3, 4,11, 6, 0, 25,290, 02, 36,260, 18,    ,  3.1,258,  7.1,  1.4,  1.7
14842,19960731, 82.4, -3.3, 61.7, -3.7, 72.1, -3.4, 60.5, 65.0,   2, 224,   2,-102,     ,     ,    ,    ,29.24,29.97,30.22,27 ,1051,29.67, 8 ,1318, 4.57, 0.37, 2.32,20-21,     ,     ,   ,    ,    ,   ,  0 ,   , 0, 0, 0, 5, 0, 0, 0,10, 0,10, 6, 0, 25,240, 18, 29,300,+24,    ,  1.9,258,  6.4,   .1,  7.2
14848,19960731, 79.0, -3.9, 57.9, -5.1, 68.5, -4.4, 55.8, 61.1,  22, 136,  15,-115,     ,     ,    ,    ,29.11,29.98,30.27,27 ,1052,29.62, 8 ,1601, 6.68, 2.86, 3.39,17-18,     ,     ,   ,    ,    ,   ,  0 ,   , 0, 0, 0, 0, 0, 0, 0, 6, 2,10, 8, 0, 25,330, 02, 32,310, 02,    ,  2.6,273,  7.1,   .7,  4.4
14852,19960731, 77.9, -3.4, 57.2, -2.0, 67.6, -2.7, 58.3, 62.0,  29, 116,  21, -56,     ,     ,    ,    ,28.69,29.97,30.31,11 ,0900,29.63, 9 ,0324, 3.22, -.85, 0.94, 15  ,     ,     ,   ,    ,    ,   ,  0 ,   , 0, 0, 0, 0, 0, 0, 0, 8, 3,18, 8, 0, 28,310, 13, 38,320,+26,    ,  2.8,258,  7.5,   .9,  3.8
14860,19960731, 76.9, -3.0, 61.5, -1.1, 69.2, -2.1, 61.0, 64.3,  10, 148,  10, -51,     ,     ,    ,    ,29.12,29.94,30.30,28 ,0602,29.60, 9 ,0157, 2.98, -.45, 0.94,18-19,     ,     ,   ,    ,    ,   ,  0 ,   , 0, 0, 0, 0, 0, 0, 0, 7, 0,12, 6, 0, 25,290,+24, 38,200, 24,    ,  3.2,248,  8.4,   .3,  4.8
14891,19960731, 79.7, -2.4, 58.5, -3.5, 69.1, -3.0, 59.8, 63.5,  17, 151,  17, -74,     ,     ,    ,    ,28.58,29.98,30.28,11 ,0923,29.65, 8 ,2359, 1.38,-2.66, 0.86,29-30,     ,     ,   ,    ,    ,   ,  0 ,   , 0, 0, 0, 0, 0, 0, 0, 5, 0,M ,M , 0, 24,230,+30, 32,210, 19,    ,  2.7,258,  7.5,   .6,  4.8
14895,19960731, 78.9, -3.4, 59.0, -2.5, 69.0, -2.9, 57.0, 62.1,  17, 147,  17, -70,     ,     ,    ,    ,28.65,29.89,30.29,11 ,0846,29.63, 9 ,0121, 3.41, -.67, 0.79, 7   ,     ,     ,   ,    ,    ,   ,  0 ,   , 0, 0, 0, 0, 0, 0, 0, 3, 3,M ,M , 0, 28,320,+29, 37,320, 07,    ,  3.0,259,  7.4,   .6,  4.8
14898,19960731, 76.5, -4.0, 55.1, -3.8, 65.8, -3.9, 57.7, 61.0,  32,  64,  15, -99,     ,     ,    ,    ,29.18,29.91,30.27,27 ,1051,29.60, 8 ,1408, 2.52, -.58, 0.65, 2   ,     ,     ,   ,    ,    ,   ,  0 ,   , 0, 0, 0, 0, 0, 0, 0, 8, 1,M ,M , 0, 34,290, 15, 41,290, 15,    ,  2.5,283,  7.2,  1.0,  2.1
14910,19960731, 77.9,     , 57.4,     , 67.7, -3.3, 57.3, 61.5,  12, 101,  -6,-115,     ,     ,    ,    ,28.44,29.98,30.20,26 ,1118,29.65,18 ,0250, 2.68, -.40, 1.73, 5-6 ,     ,     ,   ,    ,    ,   ,  0 ,   , 0, 0, 0, 0, 0, 0, 0,10, 1,13, 4, 0, 30,180, 06, 37,200,+07,    ,  1.8,269,  9.1,   .4,  3.3
14913,19960731, 71.2, -5.9, 53.0, -2.1, 62.1, -4.0, 54.9, 57.6, 105,  25,  45, -69,     ,     ,    ,    ,28.40,29.96,30.25,27 ,1032,29.61, 8 ,0509, 8.37, 4.76, 2.64, 6-7 ,     ,     ,   ,    ,    ,   ,  0 ,   , 0, 0, 0, 0, 0, 0, 0,10, 7,20,13, 0, 34,320, 21, 48,350, 11,    ,  0.8,360,  8.3,  3.4,   .8
14914,19960731, 80.3, -3.1, 55.4, -3.4, 67.9, -3.2, 57.8, 61.9,  12, 107,  -7,-102,     ,     ,    ,    ,28.95,29.95,30.18,31 ,0822,29.57,18 ,0001, 1.39,-1.31, 0.50,26-27,     ,     ,   ,    ,    ,   ,  0 ,   , 0, 0, 0, 0, 0, 0, 0, 4, 2,15, 3, 0, 36,300, 11, 47,290, 11,    ,  2.2,293,  9.3,   .4,  3.5
14922,19960731, 80.7, -3.3, 59.3, -3.8, 70.0, -3.6, 58.8, 63.5,   3, 168,  -8,-110,     ,     ,    ,    ,29.02,29.95,30.19,10 ,0950,29.65,18 ,0511, 2.09,-1.44, 0.60, 6   ,     ,     ,   ,    ,    ,   ,  0 ,   ,M ,M ,M , 2, 0, 0, 0, 8, 1,13, 5, 0, 28,270, 06, 36,270, 06,    ,  2.0,296,  8.5,   .1,  5.4
14923,19960731, 83.1, -2.8, 61.0, -3.5, 72.1, -3.1, 61.9, 65.5,   0, 229,   0, -87,     ,     ,    ,    ,29.31,29.96,30.23,10 ,0825,29.70, 8 ,1309, 2.77,-2.18, 0.86, 12  ,     ,     ,   ,    ,    ,   ,  0 ,   , 0, 0, 0, 3, 0, 0, 0, 4, 0,11, 5, 0, 25,020, 22, 32,270, 30,    ,  1.5,276,  6.3,   .0,  7.4
14925,19960731, 76.6, -5.2, 57.0, -3.1, 66.8, -4.1, 57.8, 61.5,  22,  91,   6,-108,     ,     ,    ,    ,28.56,29.97,30.22,10 ,0908,29.68, 8 ,0231, 1.93,-2.27, 1.16, 1   ,     ,     ,   ,    ,    ,   ,  0 ,   , 0, 0, 0, 0, 0, 0, 0, 5, 5, 9, 3, 0, 31,230, 01, 41,240, 01,    ,  3.1,284,  9.0,   .7,  2.8
14926,19960731, 79.3, -3.3, 55.2, -2.4, 67.3, -5.1,     ,     ,  17,  94,  -9, -81,     ,     ,    ,    ,     ,     ,30.20,26 ,1151,29.65,18 ,0355, 2.71,-2.36, 0.79,17-18,     ,     ,   ,    ,    ,   ,  0 ,   , 0, 0, 0, 0, 0, 0, 0, 4, 0,15, 7, 0, 30,310, 08, 36,300, 08,    ,     ,   ,     ,     ,     
14927,19960731, 80.8,     , 60.5,     , 70.7,   .0, 59.8, 64.0,   2, 187,-255,-255,     ,     ,    ,    ,29.16,29.94,30.20,10 ,0909,29.63,18 ,0508, 2.16, 0.00, 0.97,27-28,     ,     ,   ,    ,    ,   ,  0 ,   , 0, 0, 0, 2, 0, 0, 0, 4, 1,15, 4, 0, 26,310,+22, 33,280, 22,    ,  1.7,294,  8.1,   .1,  6.0
14929,19960731, 79.9, -6.0, 55.6, -4.0, 67.8, -5.0, 58.3, 62.2,  12, 106,  -3,-151,     ,     ,    ,    ,28.55,29.96,30.20,30 ,0907,29.59,17 ,1736, 1.91, -.84, 1.32, 21  ,     ,     ,   ,    ,    ,   ,  0 ,   , 0, 0, 0, 0, 0, 0, 0, 9, 2, 9, 4, 0, 31,010,+21, 39,010, 06,    ,  0.9,313,  8.7,   .4,  3.4
14933,19960731,   .0,-86.7,   .0,-66.5,   .0,   .0, 61.0, 65.4,   0,   0,   0,   0,     ,     ,    ,    ,28.94,29.97,  .00, 0 ,0000,  .00, 0 ,0000,  M  , 0.00, M   ,     ,     ,     ,   ,    ,    ,   ,  0 ,   , 0, 0, 0,M ,M ,M ,M , 4, 1,M ,M , 0, 34,250, 23, 44,260, 23,    ,  1.3,264,  8.0,   .0,  7.9
14935,19960731, 81.3, -7.2, 62.0, -2.8, 71.7, -5.0, 60.9, 65.4,   3, 162,   3,-201,     ,     ,    ,    ,28.03,     ,30.23,10 ,1040,29.69,16 ,1746, 2.54, -.29, 1.33,19-20,     ,     ,   ,    ,    ,   ,  0 ,   , 0, 0, 0,M ,M ,M ,M , 9, 3,M ,M , 0, 30,020, 22, 36,020, 22,    ,  2.3,161,     ,     ,     
14937,19960731, 82.9,     , 60.7,     , 71.8,   .0, 62.6, 66.1,   0, 218,-255,-255,     ,     ,    ,    ,29.22,29.97,30.24,10 ,0825,29.74, 8 ,0356, 2.49, 0.00, 1.19, 17  ,     ,     ,   ,    ,    ,   ,  0 ,   , 0, 0, 0, 1, 0, 0, 0, 0, 0,10, 3, 0, 34,300, 22, 46,300, 22,    ,  1.6,287,  6.0,   .0,  7.0
14939,19960731, 84.7, -5.3, 62.8, -3.5, 73.8, -4.4, 62.5, 66.7,   3, 284,   3,-125,     ,     ,    ,    ,28.70,29.93,30.23,10 ,0811,29.72,17 ,1918, 2.75, -.45, 1.26, 20  ,     ,     ,   ,    ,    ,   ,  0 ,   , 0, 0, 0, 7, 0, 0, 0,10, 0,M ,M , 0, 38,330, 22, 45,320, 29,    ,  0.8,112,  7.9,   .1,  9.2
14941,19960731, 81.9, -4.9, 59.9, -4.1, 70.9, -4.5, 60.5, 64.4,   6, 198,   6,-124,     ,     ,    ,    ,28.33,29.91,30.49,10 ,0955,29.70,17 ,1955, 3.65, 0.43, 1.36,15-16,     ,     ,   ,T   ,    , 1 ,  0 ,   , 0, 0, 0, 3, 0, 0, 0,11, 1,12, 7, 0, 39,360, 03, 48,360, 01,    ,  0.9,168,  8.2,   .2,  6.4
14942,19960731, 82.9, -5.0, 63.8, -2.1, 73.4, -3.5, 63.0, 66.5,   0, 266,   0,-103,     ,     ,    ,    ,28.86,29.97,30.22,10 ,0838,29.73,17 ,2009, 2.41,-1.10, 0.92,27-28,     ,     ,   ,    ,    ,   ,  0 ,   , 0, 0, 0, 3, 0, 0, 0, 5, 0,13, 5, 0, 38,330, 22, 47,320, 22,    ,  0.9, 83,  7.4,   .0,  8.6
14943,19960731, 81.3, -5.2, 59.6, -5.2, 70.5, -5.0, 61.5, 64.9,   5, 179,   5,-147,     ,     ,    ,    ,28.78,29.98,30.22,10 ,0837,29.70,17 ,2330, 0.00,-3.75, 0.00,     ,     ,     ,   ,    ,    ,   ,  0 ,   , 0, 0, 0, 3, 0, 0, 0, 7, 2,M ,M , 0, 49,030, 16, 57,030, 16,    ,  0.2,359,  7.1,   .2,  5.8
14944,19960731, 81.2, -5.1, 56.9, -5.4, 69.1, -5.2, 58.8, 63.0,   8, 140,  -2,-158,     ,     ,    ,    ,28.44,29.97,30.19,10 ,0707,29.67,18 ,0024, 0.96,-1.72, 0.42, 16  ,     ,     ,   ,    ,    ,   ,  0 ,   , 0, 0, 0, 2, 0, 0, 0, 6, 2, 9, 2, 0, 33,130, 03, 40,130, 03,    ,  1.2,244,  8.4,   .3,  4.5
14946,19960731, 78.7,     , 56.0,     , 67.4, -5.1, 56.9, 59.8,  18, 101,   5,-145,     ,     ,    ,    ,26.74,29.93,30.19,30 ,0814,29.62,17 ,2140, 0.00,-3.05, M   ,     ,     ,     ,   ,    ,    ,   ,  0 ,   , 0, 0, 0, 0, 0, 0, 0, 9, 3,M ,M , 0, 29,300,+16, 37,290, 11,    ,  1.7,260,  8.9,   .6,  3.3
14990,19960731, 81.6, -3.0, 59.5, -4.3, 70.6, -3.6, 60.2, 64.3,   2, 184,   2,-101,     ,     ,    ,    ,29.03,29.96,30.22,10 ,0940,29.72, 8 ,0742, 1.67,-2.44, 0.62, 12  ,     ,     ,   ,    ,    ,   ,  0 ,   , 0, 0, 0, 1, 0, 0, 0, 3, 1, 6, 4, 0, 29,340, 08, 90,120, 01,    ,  2.3,289,  7.5,   .1,  5.9
22010,19960731,100.7,  4.5, 77.9,  3.8, 89.3,  4.1, 64.5, 71.8,   0, 734,   0, 108,     ,     ,    ,    ,28.80,29.89,30.12,28 ,1007,29.65, 8 ,1850, 0.07,-1.78, 0.05, 11  ,     ,     ,   ,    ,    ,   ,  0 ,   , 0, 0, 0,M ,M ,M ,M , 0, 0, 3, 0, 0, 31,200, 09, 37,200,+14,    ,  9.7,128, 10.7,   .0, 24.5
22501,19960731, 87.8,     , 71.6,     , 79.7,  1.3, 66.8, 71.1,   0, 463,   0,  34,     ,     ,    ,    ,29.97,30.03,30.13,30 ,1141,29.92,21 ,1803, 0.16,-1.70, 0.08,27-28,     ,     ,   ,    ,    ,   ,  0 ,   , 0, 0, 0, 5, 0, 0, 0, 0, 0,M ,M , 0, 17,280, 16, 20,280,+19,    ,  1.7,278,  5.8,   .0, 14.9
22514,19960731, 89.8,     , 73.4,     , 81.6,  2.7, 68.4, 72.5,   0, 505,   0,  64,     ,     ,    ,    ,29.95,30.05,30.15,30 ,0958,29.95,21 ,1809,  T  , -.33, T   , 23  ,     ,     ,   ,    ,    ,   ,  0 ,   , 0, 0, 0,M ,M ,M ,M , 0, 0,M ,M , 0, 21,060,+17, 26,060, 29,    ,  6.8, 64,  8.7,   .0, 16.8
22519,19960731, 82.0,     , 74.5,     , 78.3,  -.1, 71.1, 73.3,   0, 417,   0, -12,     ,     ,    ,    ,29.99,30.04,30.14,30 ,1137,29.94,21 ,1757, 0.51,-1.35, 0.12, 17  ,     ,     ,   ,    ,    ,   ,  0 ,   , 0, 0, 0, 0, 0, 0, 0, 0, 0,M ,M , 0, 21,090,+19, 28,080, 04,    ,  8.7, 68,  9.6,   .0, 13.5
23023,19960731, 96.4,  1.0, 72.6,  4.1, 84.5,  2.5, 59.7, 68.4,   0, 611,   0,  84,     ,     ,    ,    ,27.02,29.89,30.10,28 ,0953,29.64, 8 ,1832, 0.13,-1.57, 0.08,14-15,     ,     ,   ,    ,    ,   ,  0 ,   , 0, 0, 0,29, 0, 0, 0, 5, 0, 3, 0, 0, 33,030, 24, 39,050, 24,    ,  6.4,142,  9.9,   .0, 19.7
23034,19960731, 97.9,  1.7, 72.9,  3.8, 85.4,  2.7, 62.5, 70.2,   0, 641,   0,  92,     ,     ,    ,    ,27.95,29.92,30.15,28 ,0935,29.68, 8 ,1844, 0.16, -.90, 0.08, 3   ,     ,     ,   ,    ,    ,   ,  0 ,   , 0, 0, 0,29, 0, 0, 0, 2, 0,M ,M , 0, 29,350, 27, 37,100, 26,    ,  5.3,159,  8.1,   .0, 20.7
23042,19960731,   .0,-91.9,   .0,-68.0,   .0,   .0, 61.0, 67.7,   0,   0,   0,   0,     ,     ,    ,    ,26.66,29.92,  .00, 0 ,0000,  .00, 0 ,0000,  M  , 0.00, M   ,     ,     ,     ,   ,    ,    ,   ,  0 ,   , 0, 0, 0,M ,M ,M ,M , 9, 1,M ,M , 0, 38,360, 22, 47,360, 22,    ,  5.0,150,  9.4,   .0, 15.1
23044,19960731, 94.4, -1.7, 71.3,  2.9, 82.9,   .6, 57.1, 66.4,   0, 561,   0,  25,     ,     ,    ,    ,26.02,29.85,30.05,28 ,0804,29.58, 8 ,1748, 1.97, 0.43, 0.56,10-11,     ,     ,   ,    ,    ,   ,  0 ,   , 0, 0, 0,28, 0, 0, 0,11, 0,M ,M , 0, 45,300, 30, 62,290, 30,    ,  1.9,110,  7.2,   .0, 18.1
23047,19960731, 89.2, -2.5, 65.0,  -.5, 77.1, -1.5, 61.2, 66.7,   3, 386,   3, -36,     ,     ,    ,    ,26.33,29.89,30.17,22 ,2139,29.69, 8 ,0342, 4.95, 2.33, 1.18, 22  ,     ,     ,   ,    ,    ,   ,  0 ,   , 0, 0, 0,15, 0, 0, 0,14, 0,M ,M , 0, 43,040, 22, 51,030, 24,    ,  6.9,197, 11.6,   .1, 12.5
23050,19960731, 91.2, -1.3, 67.7,  3.3, 79.5,  1.0, 52.2, 62.3,   0, 457,   0,  38,     ,     ,    ,    ,24.77,29.88,30.10,28 ,0813,29.66, 8 ,1726, 1.03, -.34, 0.60, 9   ,     ,     ,   ,    ,    ,   ,  0 ,   , 0, 0, 0,23, 0, 0, 0,12, 0, 4, 3, 0, 36,070,+12, 45,340,+10,    ,  1.6,117,  8.2,   .0, 14.8
23051,19960731, 86.0, -1.6, 61.0,   .1, 73.5,  -.8, 57.0, 62.8,  10, 282,  10,  -6,     ,     ,    ,    ,25.08,29.86,30.16,25 ,0733,29.68, 5 ,1505, 2.20, -.50, 1.02, 31  ,     ,     ,   ,    ,    ,   ,  0 ,   , 0, 0, 0,14, 0, 0, 0, 0, 3,M ,M , 0, 52,300, 23, 57,300, 23,    ,  4.6,186, 11.3,   .3,  9.1
23061,19960731, 82.5,   .5, 47.7,  -.1, 65.1,   .2,     , 53.2,  26,  35, -16,  -4,     ,     ,    ,    ,22.90,     ,30.24,29 ,0837,29.85, 5 ,1311, 0.57, -.62, 0.47, 8-9 ,     ,     ,   ,    ,    ,   ,  0 ,   , 0, 0, 0, 1, 0, 0, 0, 1, 3, 7, 1, 0, 33,340, 05, 41,350, 05,    ,  1.0,175,  7.0,   .8,  1.2
23065,19960731, 86.5, -3.3, 60.5,  -.9, 73.5, -2.1, 60.9, 65.0,   4, 274,   4, -55,     ,     ,    ,    ,26.27,29.95,30.22,25 ,2000,29.65, 5 ,0225, 6.65, 3.78, 1.81, 25  ,     ,     ,   ,    ,    ,   ,  0 ,   , 0, 0, 0,15, 0, 0, 0,14, 3,13, 8, 0, 40,280, 05, 48,290, 05,    ,  3.7,150, 10.0,   .1,  8.8
23066,19960731, 95.0,  1.4, 63.4,  -.5, 79.2,   .4, 44.2, 59.3,   0, 448,   0,  20,     ,     ,    ,    ,25.16,29.86,30.16,29 ,0611,29.63, 4 ,1722, 0.00, -.65, M   ,     ,     ,     ,   ,    ,    ,   ,  0 ,   , 0, 0, 0,29, 0, 0, 0, 7, 0,M ,M , 0, 33,050, 05, 38,050, 05,    ,  2.7,143,  8.2,   .0, 14.5
23067,19960731, 91.2,     , 62.8,     , 77.0, -2.3, 57.4, 64.2,   0, 380,   0, -63,     ,     ,    ,    ,25.75,29.86,30.14,26 ,2327,29.62,16 ,1948, 0.07,-2.08, 0.07,29-30,     ,     ,   ,    ,    ,   ,  0 ,   , 0, 0, 0,21, 0, 0, 0,13, 2,M ,M , 0, 49,010, 14, 60,360, 14,    ,  3.6,105,  9.4,   .0, 12.3
23091,19960731, 96.0,     , 73.3,     , 84.7,   .0, 51.5, 64.3,   0, 618, 255, 261,     ,     ,    ,    ,26.86,29.84,30.10,25 ,0808,29.65, 8 ,1804, 0.00, 0.00, M   ,     ,     ,     ,   ,    ,    ,   ,  0 ,   , 0, 0, 0,30, 0, 0, 0, 0, 0,M ,M , 0, 31,020,+24, 36,170,+24,    ,  8.3,130, 10.6,   .0, 19.9
23154,19960731, 90.8,  3.8, 49.1,  1.1, 70.0,  2.5, 33.9, 51.4,   1, 155, -13,  63,     ,     ,    ,    ,23.94,29.90,30.17,29 ,0530,29.63, 8 ,1417, 0.25, -.44, 0.08,15-16,     ,     ,   ,    ,    ,   ,  0 ,   , 0, 0, 0,M ,M ,M ,M , 0, 0,M ,M , 0, 32,020, 25, 37,350, 10,    ,  4.3,198,  8.8,   .0,  5.2
23155,19960731, 99.7,  1.2, 69.1,  -.5, 84.4,   .3, 55.0, 66.6,   0, 610,   0,  18,     ,     ,    ,    ,29.30,29.85,30.02,18 ,1022,29.63, 8 ,1756,  T  , -.01, T   , 11  ,     ,     ,   ,    ,    ,   ,  0 ,   , 0, 0, 0,31, 0, 0, 0, 1, 0, 0, 0, 0, 18,310, 16, 21,300,+29,    ,  4.5,307,  6.8,   .0, 19.7
23157,19960731, 99.7,  2.5, 57.9,  1.8, 78.8,  2.1, 50.0, 62.0,   0, 437,   0,  74,     ,     ,    ,    ,25.79,29.86,30.11,29 ,0711,29.59, 8 ,1640,  T  , -.23, T   , 29  ,     ,     ,   ,    ,    ,   ,  0 ,   , 0, 0, 0,31, 0, 0, 0, 0, 0,M ,M , 0, 30,230,+29, 40,320, 25,    ,  1.4,259,  7.2,   .0, 14.1
23160,19960731,100.9,  1.5, 76.3,  2.7, 88.6,  2.0, 60.5, 69.9,   0, 740,   0,  70,     ,     ,    ,    ,27.25,29.79,30.08,25 ,2156,29.63,13 ,1752, 1.88, -.49, 0.64, 8-9 ,     ,     ,   ,T   ,    ,   ,  0 ,   , 0, 0, 0,30, 0, 0, 0,14, 0, 9, 8, 0, 38,050, 08, 47,050, 08,    ,  2.1,179,  7.6,   .0, 23.9
23169,19960731,105.8,  -.1, 80.5,  4.3, 93.2,  2.1, 50.5, 66.3,   0, 853,   0,  44,     ,     ,    ,    ,27.31,29.74,30.01,29 ,0810,29.54, 8 ,1806, 1.00, 0.65, 0.79, 28  ,     ,     ,   ,    ,    ,   ,  0 ,   , 0, 0, 0,M ,M ,M ,M , 2, 0,M ,M , 0, 40,230,+15, 52,020, 26,    ,  4.8,190,  9.4,   .0, 28.4
23183,19960731,106.2,   .3, 84.2,  3.2, 95.2,  1.7, 61.4, 72.7,   0, 943,   0,  59,     ,     ,    ,    ,28.62,29.74,30.08,25 ,2246,29.57, 8 ,1932, 0.58, -.25, 0.50,25-26,     ,     ,   ,    ,    ,   ,  0 ,   , 0, 0, 0,31, 0, 0, 0, 7, 0,M ,M , 0, 38,130, 25, 46,130, 25,    ,  1.4,231,  6.7,   .0, 30.4
23185,19960731, 93.2,  1.3, 53.4,  2.1, 73.3,  1.7, 45.5, 57.5,   2, 259, -11,  42,     ,     ,    ,    ,25.56,29.94,30.18,29 ,0617,29.70, 8 ,1653, 0.20, -.08, 0.11, 10  ,     ,     ,   ,    ,    ,   ,  0 ,   , 0, 0, 0,M ,M ,M ,M , 7, 0, 4, 1, 0, 29,180,+17, 36,150, 17,    ,  0.9,200,  4.6,   .1,  8.6
23187,19960731, 87.8,     , 66.5,     , 77.2,  3.7, 42.0, 57.0,   0, 384,  -6, 115,     ,     ,    ,    ,25.48,29.95,30.08,28 ,2130,29.77, 8 ,1709,  T  , -.03, T   , 11  ,     ,     ,   ,    ,    ,   ,  0 ,   , 0, 0, 0,12, 0, 0, 0, 0, 0, 0, 0, 0, 37,320, 23, 46,330, 23,    ,  4.0,277, 12.3,   .0, 12.4
23194,19960731, 96.2,  2.6, 64.7,  1.9, 80.5,  2.3, 49.5, 61.3,   0, 485,   0,  76,     ,     ,    ,    ,24.40,     ,30.10,28 ,0913,29.69, 8 ,1636, 0.00,-1.20, 0.00,     ,     ,     ,   ,    ,    ,   ,  0 ,   , 0, 0, 0,29, 0, 0, 0, 0, 0,M ,M , 0, 39,330, 25, 45,330, 25,    ,  3.2,246,  8.1,   .0, 15.7
23225,19960731, 80.0,     , 63.5,     , 71.8,   .0, 44.0, 56.0,   9, 227,-255,-255,     ,     ,    ,    ,24.82,29.89,30.08,28 ,2112,29.69, 8 ,1715, 0.00, 0.00, 0.00,     ,     ,     ,   ,    ,    ,   ,  0 ,   , 0, 0, 0, 1, 0, 0, 0, 1, 0,M ,M , 0, 20,070, 12, 29,070, 12,    ,  0.7, 71,  3.8,   .3,  7.3
23244,19960731,     ,     ,     ,     ,     ,     ,     ,     ,    ,    ,    ,    ,     ,     ,    ,    ,     ,     ,     ,   ,    ,     ,   ,    ,     ,     ,     ,     ,     ,     ,   ,    ,    ,   ,    ,   ,  ,  ,  ,  ,  ,  ,  , 0, 0,  ,  , 0, 24,350, 03, 26,350, 03,    ,     ,   ,  7.0,   .0,  3.6
24011,19960731, 80.8, -3.6, 55.3, -1.1, 68.1, -2.3, 55.5, 60.5,  10, 111,  -5, -72,     ,     ,    ,    ,28.18,29.92,30.21,30 ,0822,29.63,17 ,1714, 2.73, 0.59, 1.12, 17  ,     ,     ,   ,    ,    ,   ,  0 ,   , 0, 0, 0, 1, 0, 0, 0,11, 4, 9, 6, 0, 34,290,+23, 56,320, 23,    ,  1.4,334,  8.5,   .3,  3.6
24015,19960731, 84.1,     , 58.5,     , 71.3, 71.3, 58.3, 62.7,   9, 214,   9, -54,     ,     ,    ,    ,25.34,29.89,30.22,29 ,1116,29.71,16 ,2344, 4.82, 2.07, 1.60, 30  ,     ,     ,   ,    ,    ,   ,  0 ,   , 0, 0, 0,12, 0, 0, 0,15, 5,16, 7, 0, 44,020, 25, 55,020, 25,    ,  3.6,152, 10.6,   .3,  6.9
24018,19960731, 81.5,  -.7, 55.0,   .4, 68.3,  -.1, 49.0, 56.9,  16, 124, -15, -12,     ,     ,    ,    ,24.05,29.91,30.21,29 ,0942,29.68,16 ,1849, 3.10, 1.01, 0.91, 9   ,     ,     ,   ,T   ,    ,   ,  0 ,   , 0, 0, 0, 4, 0, 0, 0,16, 2,12, 8, 0, 40,010, 13, 59,320, 31,    ,  1.7,258, 10.0,   .5,  4.0
24023,19960731, 83.4, -4.4, 59.0, -1.1, 71.2, -2.8, 61.1, 64.6,   3, 204,   3, -78,     ,     ,    ,    ,27.10,29.97,30.18,25 ,0732,29.66, 7 ,1939, 5.57, 2.51, 1.80, 7   ,     ,     ,   ,    ,    ,   ,  0 ,   , 0, 0, 0, 6, 0, 0, 0,15, 4,14,11, 0, 54,360, 07, 66,070, 03,    ,  3.1,115,  6.9,   .1,  6.6
24028,19960731, 85.8, -3.9, 58.6,  -.1, 72.2, -2.0, 56.2, 62.0,   3, 234,   3, -56,     ,     ,    ,    ,25.97,29.87,30.19,24 ,0903,29.64,16 ,1846, 2.06, 0.00, 1.25, 12  ,     ,     ,   ,    ,    ,   ,  0 ,   , 0, 0, 0, 9, 0, 0, 0,14, 1,10, 6, 0, 39,050, 25, 48,050, 25,    ,  3.4, 89,  8.3,   .1,  7.6
24030,19960731, 85.7,     , 56.9,     , 71.3,   .0,     , 59.9,   4, 195,-255,-255,     ,     ,    ,    ,25.68,     ,30.21,24 ,1008,29.70,17 ,0312, 2.26, 0.00, 0.65, 15  ,     ,     ,   ,    ,    ,   ,  0 ,   , 0, 0, 0,M ,M ,M ,M , 0, 4,12, 6, 0, 54,020, 25, 67,020, 25,    ,  3.1,133,  9.9,   .1,  6.7
24032,19960731, 86.7, -2.2, 57.2, -3.2, 72.0, -2.7, 54.9, 61.3,   1, 224,   1, -81,     ,     ,    ,    ,27.28,29.97,30.20, 9 ,0912,29.64,17 ,1702, 0.78,-2.28, 0.28, 5-6 ,     ,     ,   ,    ,    ,   ,  0 ,   , 0, 0, 0,10, 0, 0, 0, 4, 2, 7, 3, 0, 32,100, 05, 39,100, 05,    ,  1.5,114,  8.8,   .0,  7.2
24033,19960731, 87.0,   .3, 58.0,  -.3, 72.5,   .0, 45.7, 57.4,   0, 241, -12,  -3,     ,     ,    ,    ,26.33,29.95,30.20,24 ,0747,29.62,16 ,0427, 0.57, -.37, 0.46, 5   ,     ,     ,   ,T   ,    ,   ,  0 ,   , 0, 0, 0,10, 0, 0, 0, 4, 0, 4, 1, 0, 48,310, 05, 55,310, 05,    ,  1.3,  8,  8.7,   .0,  7.8
24044,19960731, 86.3,     , 56.9,     , 71.6,   .0, 49.1, 58.4,   6, 217,-255,-255,     ,     ,    ,    ,26.00,29.91,30.17,29 ,0744,29.64,16 ,1741, 0.19, 0.00, 0.19,30-31,     ,     ,   ,    ,    ,   ,  0 ,   , 0, 0, 0,11, 0, 0, 0, 0, 1,M ,M , 0, 45,270, 15, 60,030, 26,    ,  2.5, 97,  9.0,   .2,  7.0
24061,19960731, 88.8,     , 56.4,     , 72.6,   .0,     , 51.4,   0, 204,-255,-255,     ,     ,    ,    ,24.55,     ,30.14,22 ,0749,29.67,16 ,1345, 0.06, 0.00, 0.06, 31  ,     ,     ,   ,    ,    ,   ,  0 ,   , 0, 0, 0,M ,M ,M ,M , 0, 0,M ,M , 0, 38,220, 04, 47,220, 04,    ,     ,   ,     ,     ,     
24089,19960731, 88.9,  1.3, 50.9, -3.1, 69.9,  -.9, 44.6, 55.7,   2, 160,  -8, -30,     ,     ,    ,    ,24.72,29.93,30.18,24 ,0604,29.62,16 ,1519, 1.04, -.22, 0.57, 31  ,     ,     ,   ,    ,    ,   ,  0 ,   , 0, 0, 0,14, 0, 0, 0,14, 0,M ,M , 0, 47,300, 26, 62,300, 26,    ,  1.9,292,  9.3,   .1,  5.2
24090,19960731, 86.3,   .1, 55.4, -2.8, 70.9, -1.3, 52.5, 60.1,   6, 194, -12, -47,     ,     ,    ,    ,26.73,29.94,30.21,29 ,0008,29.58,16 ,1825, 0.52,-1.52, 0.34, 5-6 ,     ,     ,   ,    ,    ,   ,  0 ,   , 0, 0, 0,11, 0, 0, 0,14, 0, 5, 2, 0, 36,330, 10, 43,020,+10,    ,  2.4, 10,  9.3,   .2,  6.3
24128,19960731, 95.5,  2.5, 54.4,  3.2, 75.0,  2.8, 39.1, 56.0,   2, 320,  -4,  91,     ,     ,    ,    ,25.64,29.92,30.16,29 ,0529,29.69, 8 ,1822, 0.14, -.13, 0.14, 15  ,     ,     ,   ,    ,    ,   ,  0 ,   , 0, 0, 0,26, 0, 0, 0, 0, 0,M ,M , 0, 32,150, 12, 44,230, 15,    ,  1.6,332,  7.7,   .1, 10.3
24131,19960731, 93.0,  2.8, 60.5,  2.8, 76.8,  2.8, 44.1, 58.2,   1, 372,  -5,  87,     ,     ,    ,    ,27.00,29.91,30.17,19 ,0904,29.57,17 ,1845, 0.12, -.23, 0.09, 29  ,     ,     ,   ,    ,    ,   ,  0 ,   , 0, 0, 0,24, 0, 0, 0, 4, 0, 2, 0, 0, 30,310, 17, 34,140,+17,    ,  2.6,298,  7.3,   .0, 12.0
24132,19960731, 86.2,  1.9, 46.8, -2.7, 66.5,   .0, 50.3, 57.3,  30,  83,-255,-255,     ,     ,    ,    ,25.53,29.96,30.25,22 ,0843,29.69,16 ,1850,  T  , 0.00, T   , 30  ,     ,     ,   ,    ,    ,   ,  0 ,   , 0, 0, 0, 7, 0, 0, 0, 3, 0, 0, 0, 0, 34,260, 09, 41,180, 02,    ,  0.6,253,  6.0,  1.0,  2.7
24143,19960731, 84.1,   .8, 49.8, -3.4, 67.0, -1.2, 43.1, 54.4,  41, 110,   4, -27,     ,     ,    ,    ,26.23,29.93,30.26,22 ,0826,29.53,16 ,1722, 0.17,-1.07, 0.07, 18  ,     ,     ,   ,    ,    ,   ,  0 ,   , 0, 0, 0, 6, 0, 0, 0, 8, 0, 6, 0, 0, 33,230,+18, 40,250, 18,    ,  1.6,276,  9.3,  1.3,  3.6
24144,19960731, 85.6,   .6, 50.9, -2.5, 68.3,  -.9, 44.6, 55.3,  15, 125, -19, -39,     ,     ,    ,    ,26.09,29.95,30.26,22 ,0822,29.59,16 ,1658, 1.27, 0.17, 0.40,17-18,     ,     ,   ,    ,    ,   ,  0 ,   , 0, 0, 0,11, 0, 0, 0, 6, 0, 9, 5, 0, 39,280,+30, 47,260, 30,    ,  2.9,302,  7.4,   .5,  4.0
24146,19960731, 82.4,  2.3, 46.7,  -.4, 64.6,  1.0, 50.4, 56.8,  72,  66, -25,  12,     ,     ,    ,    ,26.90,29.99,30.28,22 ,0859,29.61,15 ,1915, 0.70, -.42, 0.48,29-30,     ,     ,   ,    ,    ,   ,  0 ,   , 0, 0, 0, 4, 0, 0, 0, 2, 2, 5, 2, 0, 26,230, 17, 32,240, 17,    ,  0.2,249,  4.9,  2.3,  2.1
24149,19960731, 91.1,  2.1, 58.5,  -.7, 74.8,   .7, 46.2, 58.9,   3, 315,  -3,  27,     ,     ,    ,    ,28.44,29.95,30.25, 6 ,0634,29.59,15 ,1848, 0.11, -.56, 0.06,17-18,     ,     ,   ,    ,    ,   ,  0 ,   , 0, 0, 0,20, 0, 0, 0, 1, 0, 4, 0, 0, 38,280, 17, 48,270, 17,    ,  1.3,359,  5.3,   .1, 10.2
24154,19960731, 69.3,     , 52.7,     , 61.0,   .0, 39.5, 48.4, 156,  49,-255,-255,     ,     ,    ,    ,24.09,     ,30.18,22 ,0732,29.61,16 ,0313,  M  , 0.00, M   ,     ,     ,     ,   ,    ,    ,   ,  0 ,   , 0, 0, 0,M ,M ,M ,M , 0, 0,M ,M , 0, 21,290, 17, 32,270, 17,    ,  1.0,246,  6.3,  5.4,  1.7
24155,19960731, 91.4,  3.6, 57.7,  -.3, 74.9,  2.0, 43.7, 57.8,   8, 314,  -7,  54,     ,     ,    ,    ,28.38,29.95,30.23,19 ,0732,29.62,15 ,1654, 0.06, -.29, 0.05, 30  ,     ,     ,   ,    ,    ,   ,  0 ,   , 0, 0, 0,21, 0, 0, 0, 1, 0, 2, 0, 0, 33,250,+17, 39,240,+17,    ,  2.7,263,  8.7,   .3, 10.0
24156,19960731, 89.6,  1.5, 52.3,  -.7, 71.0,   .4, 42.4, 55.6,   2, 194,  -7,  11,     ,     ,    ,    ,25.51,29.95,30.17,22 ,0931,29.71,16 ,1520, 0.36, -.29, 0.23, 29  ,     ,     ,   ,    ,    ,   ,  0 ,   , 0, 0, 0,18, 0, 0, 0, 2, 0, 3, 2, 0, 48,280, 29, 63,290, 29,    ,  5.8,233,  9.0,   .1,  6.3
24157,19960731, 85.8,  2.7, 54.1,  -.3, 70.0,  1.2, 42.9, 56.1,  35, 198,   5,  50,     ,     ,    ,    ,27.50,29.97,30.24,22 ,1012,29.60,15 ,2218, 0.34, -.33, 0.16,17-18,     ,     ,   ,    ,    ,   ,  0 ,   , 0, 0, 0,11, 0, 0, 0, 0, 1, 5, 2, 0, 34,260, 17, 40,260, 17,    ,  2.3,196,  7.5,  1.1,  6.4
24216,19960731, 99.5,  1.7, 67.2,  1.4, 83.4,  1.6,     ,     ,   0, 574,   0,  53,     ,     ,    ,    ,     ,     ,30.07,18 ,0955,29.62, 8 ,1801,  T  , -.07, T   , 28  ,     ,     ,   ,    ,    ,   ,  0 ,   , 0, 0, 0,29, 0, 0, 0, 0, 0, 0, 0, 0, 23,340, 19, 30,310, 17,    ,     ,   ,  7.3,   .0, 18.5
24221,19960731, 86.7,  5.0, 52.2,  -.6, 69.5,  2.2, 53.1, 59.6,  31, 176,  -7,  67,     ,     ,    ,    ,29.59,29.97,30.29,19 ,0752,29.77,14 ,1817, 0.54, 0.03, 0.49, 17  ,     ,     ,   ,    ,    ,   ,  0 ,   , 0, 0, 0,11, 0, 0, 0, 0, 0, 3, 1, 0, 26,180, 17, 30,200, 17,    ,  3.0,334,     ,     ,     
24227,19960731, 79.7,  3.2, 50.4,  1.2, 65.1,  2.2, 51.6, 57.5,  73,  79, -23,  48,     ,     ,    ,    ,29.80,30.05,30.33, 5 ,1044,29.77,14 ,1824, 0.59, -.23, 0.34, 18  ,     ,     ,   ,    ,    ,   ,  0 ,   , 0, 0, 0, 6, 0, 0, 0, 0, 0,M ,M , 0, 21,180, 15, 26,200, 15,    ,  0.6,175,  5.7,  2.4,  2.6
24229,19960731, 84.7,  4.8, 59.3,  2.8, 72.0,  3.8, 53.0, 60.9,  16, 240, -12, 113,     ,     ,    ,    ,29.95,30.02,30.31, 5 ,0738,29.75,14 ,1913, 0.77, 0.14, 0.36,17-18,     ,     ,   ,    ,    ,   ,  0 ,   , 0, 0, 0,12, 0, 0, 0, 0, 0, 6, 2, 0, 24,180, 18, 29,180, 18,    ,  5.9,304,  8.1,   .5,  7.8
24232,19960731, 85.0,  3.4, 55.5,  4.6, 70.3,  4.0, 53.4, 60.3,  24, 194, -17, 113,     ,     ,    ,    ,29.75,30.01,30.29, 5 ,0711,29.75,14 ,1859, 0.90, 0.34, 0.70,17-18,     ,     ,   ,    ,    ,   ,  0 ,   , 0, 0, 0,12, 0, 0, 0, 0, 0, 4, 2, 0, 24,190, 18, 28,240, 18,    ,  2.4,349,  6.2,   .8,  6.3
24235,19960731, 78.1,  3.4, 56.6,  4.9, 67.4,  4.2, 49.1, 56.5,  88, 168, -43,  93,     ,     ,    ,    ,26.12,29.96,30.26,18 ,2106,29.76,14 ,1735, 0.20, -.15, 0.20,17-18,     ,     ,   ,    ,    ,   ,  0 ,   , 0, 0, 0, 3, 0, 0, 0, 0, 4, 2, 1, 0, 28,360, 09, 32,360, 09,    ,  4.0,360,  8.8,  2.9,  5.2
24237,19960731, 69.1,     , 50.4,     , 59.8,   .0, 46.7, 52.2, 227,  72,-255,-255,     ,     ,    ,    ,26.02,30.07,30.32, 6 ,0743,29.81,17 ,0302, 0.81, 0.00, 0.49,18-19,     ,     ,   ,    ,    ,   ,  0 ,   , 0, 0, 0, 0, 0, 0, 0, 0,12, 8, 3, 0, 17,240,+16, 28,220, 15,    ,  4.5,238,  7.5,  7.3,  2.3
24243,19960731, 90.5,  3.8, 54.7,  1.6, 72.6,  2.7, 50.7, 60.4,  23, 268,   4,  97,     ,     ,    ,    ,28.80,29.95,30.22,22 ,0737,29.62,15 ,1727, 0.48, 0.32, 0.33, 30  ,     ,     ,   ,    ,    ,   ,  0 ,   , 0, 0, 0,21, 0, 0, 0, 1, 0, 3, 2, 0, 31,320, 09, 38,320, 09,    ,  2.8,272,  6.6,   .8,  8.7
24255,19960731, 67.4,     , 50.5,     , 59.0,   .3, 52.3, 55.0, 182,   0,  -8,  -2,     ,     ,    ,    ,30.01,     ,30.35, 5 ,1246,29.80, 2 ,1802, 0.47, -.22, 0.21, 17  ,     ,     ,   ,    ,    ,   ,  0 ,   , 0, 0, 0, 0, 0, 0, 0, 0, 2, 7, 2, 0, 29,150, 18, 33,260,+18,    ,  4.0,242,  6.6,  5.9,   .0
24257,19960731,101.2,  2.9, 67.7,  3.0, 84.5,  3.0, 53.1, 65.1,   0, 593,   0,  81,     ,     ,    ,    ,29.28,29.85,30.06,19 ,0912,29.60, 8 ,1749, 0.33, 0.16, 0.33, 17  ,     ,     ,   ,    ,    ,   ,  0 ,   , 0, 0, 0,M ,M ,M ,M , 1, 0, 1, 1, 0, 24,160, 17, 26,170, 17,    ,  0.3,273,  5.6,   .0, 19.8
25704,19960731, 56.0,     , 47.1,     , 51.6,  2.4,     ,     , 397,   0, -82,   0,     ,     ,    ,    ,     ,     ,30.32,21 ,0144,29.48,10 ,1523, 0.22,-2.74, 0.22,30-31,     ,     ,   ,    ,    ,   ,  0 ,   , 0, 0, 0, 0, 0, 0, 0, 0, 2,M ,M , 0, 32,240, 22, 38,240, 22,    ,     ,   ,     ,     ,     
53819,19960731, 88.5,     , 67.0,     , 77.8,   .0, 67.9, 69.7,   0, 388,-255,-255,     ,     ,    ,    ,29.13,     ,30.30,28 ,1231,29.70, 3 ,1657, 2.50, 0.00, 1.10, 21  ,     ,     ,   ,    ,    ,   ,  0 ,   , 0, 0, 0,M ,M ,M ,M , 0, 3,10, 6, 0, 26,320, 21, 34,330, 21,    ,  2.2,285,  4.3,   .0, 12.9
53838,19960731, 87.6,     , 69.2,     , 78.4,   .0, 67.8, 69.8,   0, 410,-255,-255,     ,     ,    ,    ,28.66,     ,30.27,28 ,1304,29.70, 3 ,1532, 2.67, 0.00, 0.99, 25  ,     ,     ,   ,    ,    ,   ,  0 ,   , 0, 0, 0,M ,M ,M ,M , 0, 4,15, 7, 0, 31,290, 02, 36,300, 02,    ,  2.9,274,  6.7,   .0, 13.7
53841,19960731, 82.1,     , 63.6,     , 72.9,   .0,     , 65.5,   0, 218,-255,-255,     ,     ,    ,    ,29.10,     ,30.25,27 ,1118,29.67, 8 ,1810, 0.94, 0.00, 0.94,30-31,     ,     ,   ,    ,    ,   ,  0 ,   , 0, 0, 0,M ,M ,M ,M , 0, 3,M ,M , 0, 31,170, 14, 43,160, 14,    ,     ,   ,     ,     ,     
53842,19960731, 81.5,     , 63.3,     , 72.4,   .0, 60.2, 64.9,   2, 240,-255,-255,     ,     ,    ,    ,29.07,29.98,30.25,27 ,1125,29.66, 8 ,1920, 3.55, 0.00, 1.61, 18  ,     ,     ,   ,    ,    ,   ,  0 ,   , 0, 0, 0, 2, 0, 0, 0, 0, 0,M ,M , 0, 32,360, 18, 41,350, 18,    ,  1.6,312,  6.4,   .1,  7.8
53844,19960731, 82.7,     , 58.2,     , 70.5,   .0, 58.8, 63.7,  10, 183,-255,-255,     ,     ,    ,    ,29.03,29.98,30.28,11 ,0807,29.65, 8 ,1829, 0.61, 0.00, 0.61,29-30,     ,     ,   ,    ,    ,   ,  0 ,   , 0, 0, 0, 5, 0, 0, 0, 0, 3,M ,M , 0, 29,170, 29, 39,290, 24,    ,  2.0,250,  5.6,   .3,  5.9
53846,19960731,   .0,     ,   .0,     ,   .0,   .0,     ,     ,   0,   0,   0,   0,     ,     ,    ,    ,     ,     ,  .00, 0 ,0000,  .00, 0 ,0000,  M  , 0.00, M   ,     ,     ,     ,   ,    ,    ,   ,  0 ,   , 0, 0, 0,M ,M ,M ,M , 0, 0,M ,M , 0,   ,   ,   ,   ,   ,+31,    ,     ,   ,     ,     ,     
53847,19960731, 90.0,     , 71.4,     , 80.7, -1.0,     ,     ,   0, 460,   0, -70,     ,     ,    ,    ,     ,     ,30.21,17 ,1013,29.71, 3 ,1831, 4.17,-3.41, 1.55,15-16,     ,     ,   ,    ,    ,   ,  0 ,   , 0, 0, 0,M ,M ,M ,M , 0, 4,M ,M , 0, 26,190, 17, 31,200, 17,    ,     ,   ,     ,     ,     
53848,19960731,     ,     ,     ,     ,     ,     ,     ,     ,    ,    ,    ,    ,     ,     ,    ,    ,     ,     ,     ,   ,    ,     ,   ,    ,     ,     ,     ,     ,     ,     ,   ,    ,    ,   ,    ,   ,  ,  ,  ,  ,  ,  ,  , 0, 0,  ,  , 0,   ,   ,   ,   ,   ,   ,    ,     ,   ,     ,     ,     
53849,19960731, 90.7,     , 69.1,     , 79.9,  -.7,     ,     ,   0, 471,   0, -17,     ,     ,    ,    ,     ,     ,29.70,28 ,0955,29.22, 8 ,1847, 3.95,-1.16, 0.90,24-25,     ,     ,   ,    ,    ,   ,  0 ,   , 0, 0, 0,20, 0, 0, 0, 0, 1,M ,M , 0, 22,210, 27, 29,220, 27,    ,     ,   ,     ,     ,     
54728,19960731, 76.1,     , 51.9,     , 64.0,   .0, 56.8, 59.8,  63,  38,-255,-255,     ,     ,    ,    ,28.72,30.06,30.35,29 ,0713,29.30,19 ,1807, 7.64, 0.00, 1.44,25-26,     ,     ,   ,    ,    ,   ,  0 ,   , 0, 0, 0, 0, 0, 0, 0, 0,10,19,11, 0, 26,310, 20, 36,280, 20,    ,  1.3,273,  4.2,  2.0,  1.2
54740,19960731, 77.9,     , 56.4,     , 67.2,   .0, 57.7, 61.1,  14,  88,-255,-255,     ,     ,    ,    ,29.25,     ,30.31,29 ,0911,29.34,19 ,1710, 0.02, 0.00, 0.01, 31  ,     ,     ,   ,    ,    ,   ,  0 ,   , 0, 0, 0,M ,M ,M ,M , 0,16,M ,M , 0, 26,270, 20, 38,270, 20,    ,  1.6,267,  4.2,   .5,  2.9
54756,19960731, 78.0,     , 57.9,     , 68.0,   .0,     ,     ,  12, 112,-255,-255,     ,     ,    ,    ,     ,     ,30.32,12 ,0803,29.37,19 ,1723, 4.40, 0.00, 2.79, 13  ,     ,     ,   ,    ,    ,   ,  0 ,   , 0, 0, 0, 0, 0, 0, 0, 0, 9,M ,M , 0, 39,350, 08, 55,360, 08,    ,     ,   ,  5.6,   .4,  3.6
54767,19960731, 78.3,     , 60.3,     , 69.3,   .0,     , 63.5,   4, 139,-255,-255,     ,     ,    ,    ,29.60,     ,30.32,12 ,0816,29.42,19 ,1938, 1.35, 0.00, 0.82, 23  ,     ,     ,   ,    ,    ,   ,  0 ,   , 0, 0, 0,M ,M ,M ,M , 0, 6,M ,M , 0, 24,280, 20, 32,140,+20,    ,     ,   ,  5.4,   .1,  4.6
54768,19960731, 79.2,     , 59.3,     , 69.3,   .0, 61.0, 63.4,   2, 140,-255,-255,     ,     ,    ,    ,29.17,30.07,30.30,12 ,0830,29.38,19 ,1558, 3.77, 0.00, 2.98, 13  ,     ,     ,   ,    ,    ,   ,  0 ,   , 0, 0, 0,M ,M ,M ,M , 0, 3,M ,M , 0, 26,270, 20, 37,280, 20,    ,  1.4,235,  5.4,   .1,  4.7
54769,19960731, 78.2,     , 59.0,     , 68.6,   .0,     , 59.9,  10, 111,-255,-255,     ,     ,    ,    ,29.71,     ,30.32,12 ,0844,29.39,19 ,2218, 1.11, 0.00, 1.11, 31  ,     ,     ,   ,    ,    ,   ,  0 ,   , 0, 0, 0,M ,M ,M ,M , 0, 3,M ,M , 0, 29,190, 13, 41,180, 13,    ,     ,   ,     ,     ,     
54770,19960731, 75.9,     , 58.2,     , 67.1,   .0, 58.0, 61.7,  22,  91,-255,-255,     ,     ,    ,    ,28.77,30.05,30.33,12 ,0837,29.36,19 ,1723, 0.58, 0.00, 0.26, 26  ,     ,     ,   ,    ,    ,   ,  0 ,   , 0, 0, 0, 0, 0, 0, 0, 0, 3,M ,M , 0, 23,290, 20, 32,280, 20,    ,  3.5,231,  5.6,   .7,  2.9
54771,19960731, 76.9,     , 55.6,     , 66.3,   .0,     , 59.2,  20,  63,-255,-255,     ,     ,    ,    ,29.07,     ,30.34,29 ,0732,29.45, 4 ,0526, 1.82, 0.00, 0.49, 31  ,     ,     ,   ,    ,    ,   ,  0 ,   , 0, 0, 0,M ,M ,M ,M , 0,10,M ,M , 0, 26,300, 20, 44,300, 20,    ,  1.0,246,  4.0,     ,     
54772,19960731, 77.8,     , 55.7,     , 66.8,   .0,     ,     ,  22,  78,-255,-255,     ,     ,    ,    ,     ,     ,30.32,29 ,1002,29.25,19 ,1914, 1.24, 0.00, 0.85, 26  ,     ,     ,   ,    ,    ,   ,  0 ,   , 0, 0, 0, 0, 0, 0, 0, 0, 4,M ,M , 0, 25,290, 19, 33,300, 19,    ,     ,   ,  4.7,   .8,  2.7
54773,19960731, 75.8,     , 58.4,     , 67.1,   .0,     ,     ,  19,  92,-255,-255,     ,     ,    ,    ,     ,     ,30.29,28 ,1158,29.43,19 ,1017, 4.08, 0.00, 1.33, 15  ,     ,     ,   ,    ,    ,   ,  0 ,   , 0, 0, 0, 0, 0, 0, 0, 0, 2,10, 8, 0, 29,270, 20, 34,270, 20,    ,     ,   ,  6.2,   .6,  3.0
92802,19960731, 90.7,     , 73.4,     , 82.1, 82.1, 73.2, 75.6,   0, 536,   0, 536,     ,     ,    ,    ,28.23,     ,30.24,28 ,0809,29.85, 3 ,2021,  T  , 0.00, T   , 31  ,     ,     ,   ,    ,    ,   ,  0 ,   , 0, 0, 0,19, 0, 0, 0, 0, 1,M ,M , 0, 30,230, 05, 38,220, 05,    ,  1.2,205,  4.2,   .0, 17.3
93005,19960731, 87.3,     , 53.3,     , 70.3,   .0,     , 56.3,   0, 155,-255,-255,     ,     ,    ,    ,22.98,     ,30.23, 1 ,0702,29.72, 8 ,1556,  M  , 0.00, M   ,     ,     ,     ,   ,    ,    ,   ,  0 ,   , 0, 0, 0,M ,M ,M ,M , 0, 0,M ,M , 0, 40,040, 02, 53,050, 02,    ,     ,   ,     ,     ,     
93010,19960731, 85.0,     , 54.4,     , 69.7,   .0, 54.0, 60.0,  13, 167,-255,-255,     ,     ,    ,    ,24.53,29.92,30.35,27 ,0626,29.70,16 ,1834,  M  , 0.00, M   ,     ,     ,     ,   ,    ,    ,   ,  0 ,   , 0, 0, 0, 8, 0, 0, 0, 0, 5,M ,M , 0, 59,020, 31, 67,030, 31,    ,  1.8,116,  8.8,   .4,  5.4
93013,19960731, 91.1,     , 58.3,     , 74.7,   .0, 43.6, 56.9,   0, 305,-255,-255,     ,     ,    ,    ,24.37,29.88,30.22,29 ,0820,29.68, 4 ,1635, 0.00, 0.00, 0.00,     ,     ,     ,   ,    ,    ,   ,  0 ,   , 0, 0, 0,22, 0, 0, 0, 0, 0,M ,M , 0, 40,240, 07, 56,240, 07,    ,  0.6,120,  7.2,   .0,  9.8
93037,19960731, 82.7, -1.7, 56.9,  -.2, 69.8, -1.0, 52.3, 59.1,   2, 159,  -4, -27,     ,     ,    ,    ,24.05,29.90,30.21,26 ,1819,29.72,16 ,1919, 4.46, 1.56, 1.77, 9-10,     ,     ,   ,    ,    ,   ,  0 ,   , 0, 0, 0, 6, 0, 0, 0,19, 2,15, 6, 0, 41,190, 20, 54,060,+20,    ,  2.0, 81,  9.0,   .1,  5.1
93058,19960731, 90.9, -2.1, 59.0, -2.2, 75.0, -2.1, 54.1, 61.9,   0, 316,   0, -59,     ,     ,    ,    ,25.31,29.85,30.18,26 ,2244,29.65, 4 ,1502, 3.41, 1.32, 1.61, 9-10,     ,     ,   ,    ,    ,   ,  0 ,   , 0, 0, 0,20, 0, 0, 0,12, 2,11, 7, 0, 41,020, 07, 49,020,+23,    ,  2.7, 91,  7.3,   .0, 10.2
93069,19960731, 90.8,     , 54.7,     , 72.8,   .0, 34.7, 52.2,   0, 250, 255, 257,     ,     ,    ,    ,23.51,29.90,30.20, 1 ,0510,29.72, 8 ,1720, 1.23, 0.00, 0.78, 17  ,     ,     ,   ,    ,    ,   ,  0 ,   , 0, 0, 0,23, 0, 0, 0, 0, 0,M ,M , 0, 33,360, 13, 44,360, 13,    ,  0.9,339,  6.4,   .0,  8.1
93102,19960731, 96.7,     , 61.4,     , 79.1,  3.2, 42.4, 58.1,   0, 414,  -1,  76,     ,     ,    ,    ,25.97,29.95,30.16,29 ,0750,29.74, 8 ,1803, 0.26, 0.04, 0.26, 15  ,     ,     ,   ,    ,    ,   ,  0 ,   , 0, 0, 0,M ,M ,M ,M , 0, 0,M ,M , 0, 32,190, 11, 38,180,+27,    ,  2.5,277,  7.0,   .0, 14.3
93115,19960731, 73.2,     , 61.5,     , 67.4,  -.1,     ,     ,   3,  76,  -5, -11,     ,     ,    ,    ,     ,     ,30.06,22 ,2153,29.79, 2 ,0547, 0.00, -.04, 0.00,     ,     ,     ,   ,    ,    ,   ,  0 ,   , 0, 0, 0,M ,M ,M ,M , 0, 2,M ,M , 0, 20,290, 01, 21,290,+23,    ,     ,   ,     ,     ,     
93117,19960731,     ,     ,     ,     ,     ,     ,     ,     ,    ,    ,    ,    ,     ,     ,    ,    ,     ,     ,     ,   ,    ,     ,   ,    ,     ,     ,     ,     ,     ,     ,   ,    ,    ,   ,    ,   ,  ,  ,  ,  ,  ,  ,  , 0, 0,  ,  , 0,   ,   ,   ,   ,   ,   ,    ,     ,   ,     ,     ,     
93167,19960731, 98.7,     , 72.5,     , 85.6,   .0, 53.7, 65.9,   0, 648,-255,-255,     ,     ,    ,    ,26.42,29.74,29.98,29 ,0801,29.57, 8 ,1906, 1.69, 0.00, 0.80,10-11,     ,     ,   ,    ,    ,   ,  0 ,   , 0, 0, 0,30, 0, 0, 0, 0, 0, 4, 2, 0, 40,120, 26, 46,220,+13,    ,  6.1,187, 10.7,   .0, 20.9
93193,19960731,101.2,  2.6, 69.6,  4.5, 85.4,  3.5, 58.6, 68.4,   0, 640,   0, 116,     ,     ,    ,    ,29.47,29.85,30.03,18 ,1104,29.64, 8 ,1833, 0.00, -.01, 0.00,     ,     ,     ,   ,    ,    ,   ,  0 ,   , 0, 0, 0,31, 0, 0, 0, 0, 0,M ,M , 0, 20,300,+31, 24,320, 03,    ,  2.8,301,  6.9,   .0, 20.7
93721,19960731, 83.9, -3.3, 64.6, -2.2, 74.3, -2.7, 65.4, 68.6,   0, 295,   0, -77,     ,     ,    ,    ,29.74,29.94,30.31,11 ,1105,29.54,13 ,0849, 7.38, 3.61, 3.37,12-13,     ,     ,   ,    ,    ,   ,  0 ,   , 0, 0, 0, 5, 0, 0, 0, 8, 3,19,12, 0, 32,320, 30, 41,040, 13,    ,  2.7,286,  5.4,   .0,  9.5
93729,19960731, 83.2, -1.4, 72.9,  1.1, 78.1,  -.2, 71.2, 73.8,   0, 414,   0,   2,     ,     ,    ,    ,29.94,30.00,30.25,28 ,0846,29.58, 3 ,1744, 9.54, 4.56, 2.88,10-11,     ,     ,   ,    ,    ,   ,  0 ,   , 0, 0, 0, 0, 0, 0, 0, 0, 1,16,13, 0, 52,150, 12, 64,140, 12,    ,  6.3,215, 11.0,   .0, 13.4
93730,19960731, 81.7, -2.8, 64.2,  -.6, 73.0, -1.7, 65.3, 68.1,   0, 252,   0, -49,     ,     ,    ,    ,29.83,29.91,30.32,11 ,1105,29.38,13 ,1107, 4.63, 0.80, 2.04,12-13,     ,     ,   ,    ,    ,   ,  0 ,   , 0, 0, 0, 2, 0, 0, 0, 6, 4,16, 8, 0, 33,100, 13, 43,110, 13,    ,  3.1,218,  7.7,   .0,  8.1
93738,19960731, 82.4, -4.6, 63.3,  -.8, 72.9, -2.7, 65.0, 67.7,   0, 253,   0, -76,     ,     ,    ,    ,29.62,29.96,30.31,11 ,1038,29.56, 3 ,0436, 5.89, 2.40, 1.37, 19  ,     ,     ,   ,    ,    ,   ,  0 ,   , 0, 0, 0, 2, 0, 0, 0, 4, 4,13, 8, 0, 31,350, 19, 41,360, 19,    ,  2.3,284,  5.9,   .0,  8.2
93743,19960731,   .0,     ,   .0,     ,   .0,   .0,     ,     ,   0,   0,   0,   0,     ,     ,    ,    ,     ,     ,  .00, 0 ,0000,  .00, 0 ,0000,  M  , 0.00, M   ,     ,     ,     ,   ,    ,    ,   ,  0 ,   , 0, 0, 0,M ,M ,M ,M , 0, 0,M ,M , 0,   ,   ,   ,   ,   ,   ,    ,     ,   ,     ,     ,     
93775,19960731, 85.9,     , 65.9,     , 75.9,   .0, 67.3, 70.2,   0, 347, 255, 258,     ,     ,    ,    ,29.71,29.97,30.30,11 ,1041,29.53,13 ,0405, 8.02, 0.00, 2.63,12-13,     ,     ,   ,    ,    ,   ,  0 ,   , 0, 0, 0, 6, 0, 0, 0, 0, 3,16, 9, 0, 28,270, 31, 36,270, 31,    ,  2.2,258,  5.1,   .0, 11.2
93776,19960731, 86.4,     , 70.6,     , 78.5, -1.2,     ,     ,   0, 424,   0, -29,     ,     ,    ,    ,     ,     ,30.26,16 ,1412,29.40,12 ,1813, 3.81,-3.74, 2.05, 28  ,     ,     ,   ,    ,    ,   ,  0 ,   , 0, 0, 0, 7, 0, 0, 0, 0, 1,M ,M , 0, 28,250, 30, 41,240, 30,    ,     ,   ,     ,     ,     
93805,19960731, 92.2,   .9, 72.2,  1.1, 82.2,   .9, 73.2, 75.4,   0, 540,   0,  35,     ,     ,    ,    ,29.94,30.04,30.24,28 ,1105,29.75, 3 ,1724, 3.35,-5.47, 0.91,23-24,     ,     ,   ,    ,    ,   ,  0 ,   , 0, 0, 0,24, 0, 0, 0,13, 0,13,10, 0, 25,240,+25, 34,220, 04,    ,  2.2,245,  5.1,   .0, 17.4
93808,19960731, 85.3, -3.4, 65.9, -1.2, 75.6, -2.3, 66.3, 69.0,   0, 326,   0, -74,     ,     ,    ,    ,29.40,30.00,30.25,27 ,1003,29.71, 8 ,1613, 6.13, 1.39, 2.29,19-20,     ,     ,   ,    ,    ,   ,  0 ,   , 0, 0, 0,M ,M ,M ,M , 6, 1,12, 8, 0, 24,200, 14, 31,330,+21,    ,  2.2,248,  5.7,   .0, 10.9
93814,19960731, 81.5, -4.0, 62.6, -2.2, 72.1, -3.0, 62.6, 66.3,   0, 226,   0, -87,     ,     ,    ,    ,29.03,29.98,30.26,27 ,1205,29.68, 8 ,1952, 2.63,-1.61, 1.09,14-15,     ,     ,   ,    ,    ,   ,  0 ,   , 0, 0, 0, 0, 0, 0, 0, 8, 1,14, 5, 0, 24,360, 19, 29,360, 19,    ,  1.3,300,  5.8,   .0,  7.3
93815,19960731, 81.8, -3.1, 62.3, -1.1, 72.1, -2.1, 58.6, 63.9,   2, 228,   2, -57,     ,     ,    ,    ,28.90,29.99,30.27,27 ,1124,29.67, 8 ,1846, 0.26,-3.28, 0.26,30-31,     ,     ,   ,    ,    ,   ,  0 ,   , 0, 0, 0, 1, 0, 0, 0, 4, 1,M ,M , 0, 29,240, 17, 36,240, 17,    ,  3.4,250,  8.8,   .1,  7.6
93817,19960731, 85.2, -3.9, 65.1, -2.4, 75.2, -3.2, 64.0, 68.2,   0, 321,   0, -94,     ,     ,    ,    ,29.54,29.95,30.24,27 ,1022,29.66, 8 ,1401, 3.35, -.69, 1.47, 14  ,     ,     ,   ,    ,    ,   ,  0 ,   , 0, 0, 0, 8, 0, 0, 0, 7, 0,M ,M , 0, 29,330, 19, 39,330, 19,    ,  2.5,261,  6.3,   .0, 10.4
93819,19960731, 82.9, -2.6, 63.3, -1.9, 73.1, -2.3, 61.8, 65.9,   0, 261,   0, -61,     ,     ,    ,    ,29.10,29.97,30.25,27 ,1156,29.67, 8 ,2036, 6.27, 1.80, 2.61, 18  ,     ,     ,   ,    ,    ,   ,  0 ,   , 0, 0, 0, 5, 0, 0, 0, 7, 1,12, 7, 0, 31,340, 24, 40,340, 24,    ,  2.6,264,  8.3,   .0,  8.4
93820,19960731, 82.1, -3.7, 64.0, -1.7, 73.1, -2.7, 64.6, 67.7,   0, 258,   0, -77,     ,     ,    ,    ,28.93,29.99,30.25,27 ,1149,29.69, 8 ,1854, 5.30, 0.30, 1.43,30-31,     ,     ,   ,    ,    ,   ,  0 ,   , 0, 0, 0, 1, 0, 0, 0,10, 2,12,10, 0, 38,230, 02, 51,230, 02,    ,  2.3,223,  6.0,   .0,  8.3
93821,19960731, 84.4, -2.6, 67.3,   .0, 75.9, -1.3,     , 67.8,   0, 330,   0, -48,     ,     ,    ,    ,29.44,     ,30.25,27 ,1118,29.66, 2 ,1852, 3.27,-1.24, 1.33,14-15,     ,     ,   , 8.0,    ,   ,  0 ,   , 0, 0, 0,M ,M ,M ,M ,10, 0,M ,M , 0, 32,310,+07, 44,310, 02,    ,  2.3,239,  7.0,   .0, 11.0
93822,19960731, 83.1, -3.8, 61.1, -5.0, 72.1, -4.4, 62.2, 66.1,   1, 231,   1,-126,     ,     ,    ,    ,29.31,29.94,30.24,27 ,1054,29.71, 8 ,1454, 3.32, -.20, 1.56, 20  ,     ,     ,   ,    ,    ,   ,  0 ,   , 0, 0, 0, 5, 0, 0, 0, 4, 2,10, 6, 0, 33,300, 24, 44,280, 24,    ,  1.7,253,     ,   .0,  7.5
93831,19960731, 90.6,     , 73.8,     , 82.2,   .5,     ,     ,   0, 539,   0,  11,     ,     ,    ,    ,     ,     ,30.28,17 ,1139,29.62, 3 ,1630, 0.02,-6.84, 0.02, 31  ,     ,     ,   ,    ,    ,   ,  0 ,   , 0, 0, 0,22, 0, 0, 0, 0, 0,M ,M , 0, 23,300, 25, 26,290, 25,    ,     ,   ,     ,     ,     
93832,19960731, 92.0,     , 67.0,     , 79.5, -4.6,     ,     ,   0,  15,   0,-586,     ,     ,    ,    ,     ,     ,30.18,30 ,2350,30.03,31 ,1834, 0.11,-3.62, 0.11, 31  ,     ,     ,   ,    ,    ,   ,  0 ,   , 0, 0, 0,M ,M ,M ,M , 0, 1,M ,M , 0, 22,180, 31, 32,180, 31,    ,     ,   ,     ,     ,     
93837,19960731, 90.6,     , 75.3,     , 83.0,   .5,     ,     ,   0, 564,   0,  12,     ,     ,    ,    ,     ,     ,30.25,18 ,1105,29.73, 3 ,1813, 3.48,-2.55, 1.81, 5-6 ,     ,     ,   ,    ,    ,   ,  0 ,   , 0, 0, 0,23, 0, 0, 0, 0, 0,12, 7, 0, 21,210, 31, 24,220, 31,    ,     ,   ,     ,     ,     
93841,19960731,   .0,     ,   .0,     ,   .0,   .0,     , 62.8,   0,   0,   0,   0,     ,     ,    ,    ,29.82,     ,30.25,17 ,1013,29.89,11 ,1712, 6.98, -.60, 2.31, 15  ,     ,     ,   ,    ,    ,   ,  0 ,   , 0, 0, 0,M ,M ,M ,M , 0, 5,M ,M , 0, 31,240, 13, 51,220, 13,    ,     ,   ,     ,     ,     
93842,19960731, 92.1,   .3, 73.2,  1.4, 82.7,   .8, 71.0, 73.5,   0, 521,   0,  -3,     ,     ,    ,    ,29.51,30.00,30.26,28 ,1722,29.69, 3 ,1635, 2.65,-2.89, 1.06,14-15,     ,     ,   ,    ,    ,   ,  0 ,   , 0, 0, 0,M ,M ,M ,M ,12, 0,M ,M , 0, 32,220, 14, 39,210, 14,    ,  2.8,257,  5.9,   .0, 18.0
93862,19960731, 88.7, -2.0, 70.1,  -.5, 79.4, -1.2, 69.4, 72.5,   0, 455,   0, -29,     ,     ,    ,    ,29.59,30.00,30.22,28 ,0939,29.75, 8 ,1849, 7.33, 3.03, 2.56,13-14,     ,     ,   ,    ,    ,   ,  0 ,   , 0, 0, 0,12, 0, 0, 0,11, 1,11,10, 0, 41,250, 13, 54,250, 13,    ,  1.4,225,  5.3,   .0, 14.7
93967,19960731, 90.0,     , 68.7,     , 79.4,   .0, 67.1, 71.1,   0, 455,-255,-255,     ,     ,    ,    ,29.13,29.88,30.17,10 ,0836,29.64, 6 ,1648,  M  , 0.00, M   ,     ,     ,     ,   ,    ,    ,   ,  0 ,   , 0, 0, 0,20, 0, 0, 0, 0, 1,M ,M , 0, 40,280, 08, 53,290, 08,    ,  3.9,197,  7.6,   .0, 14.7
93990,19960731, 89.2,     , 64.3,     , 76.8,   .0, 63.2, 67.5,   0, 358,-255,-255,     ,     ,    ,    ,27.63,29.91,30.17,25 ,2250,29.68, 4 ,1802, 2.80, 0.00, 2.23,25-26,     ,     ,   ,    ,    ,   ,  0 ,   , 0, 0, 0,M ,M ,M ,M ,10, 3,M ,M , 0, 53,250,+25, 64,230, 13,    ,  2.3,101,  8.1,   .0, 11.9
93997,19960731, 89.0, -3.4, 65.1, -2.6, 77.1, -2.9,     ,     ,   0, 378,   0, -87,     ,     ,    ,    ,     ,     ,30.20,28 ,0642,29.64, 7 ,2306, 0.00,-3.31, M   ,     ,     ,     ,   ,    ,    ,   ,  0 ,   , 0, 0, 0,11, 0, 0, 0,17, 1,M ,M , 0, 40,190, 07, 47,310, 07,    ,     ,   , 10.4,   .0, 12.2
94008,19960731, 84.9,   .2, 55.6, -1.1, 70.3,  -.5, 48.0, 57.8,   6, 177, -13, -22,     ,     ,    ,    ,27.55,29.96,30.25,29 ,0837,29.55,16 ,0446, 0.63,-1.09, 0.33,19-20,     ,     ,   ,    ,    ,   ,  0 ,   , 0, 0, 0, 7, 0, 0, 0, 8, 1, 7, 2, 0, 44,340, 27, 55,330, 27,    ,  2.0,  8, 10.7,   .2,  5.7
94012,19960731, 84.9,  -.5, 51.5, -2.3, 68.2, -1.5, 47.7, 57.0,  21, 129,   3, -35,     ,     ,    ,    ,27.27,29.97,30.23,22 ,0746,29.55,16 ,1949, 0.75, -.65, 0.43, 4-5 ,     ,     ,   ,    ,    ,   ,  0 ,   , 0, 0, 0, 9, 0, 0, 0, 5, 1, 7, 3, 0, 52,210, 04, 59,200, 04,    ,  2.3,284,  8.5,   .7,  4.2
94014,19960731, 81.9, -2.9, 54.9, -1.6, 68.4, -2.3, 53.8, 59.8,  23, 137,  -3, -66,     ,     ,    ,    ,27.94,29.97,30.24,29 ,1019,29.56,16 ,1831, 0.00,-2.10, M   ,     ,     ,     ,   ,    ,    ,   ,  0 ,   , 0, 0, 0, 5, 0, 0, 0, 9, 1,M ,M , 0, 34,280, 11, 41,290,+21,    ,  1.7,347,  9.1,   .8,  4.4
94038,19960731, 81.6,     , 50.8,     , 66.2,   .0, 52.3, 58.4,  46,  90,-255,-255,     ,     ,    ,    ,27.14,29.97,30.20,29 ,0915,29.61,16 ,1734,  M  , 0.00, M   ,     ,     ,     ,   ,    ,    ,   ,  0 ,   , 0, 0, 0, 2, 0, 0, 0, 0, 4,M ,M , 0, 37,280, 11, 44,300, 11,    ,  1.8,343,  9.1,  1.5,  2.9
94185,19960731, 89.3,  4.2, 47.7,   .5, 68.5,  2.3,     , 52.0,  31, 134, -27,  39,     ,     ,    ,    ,25.80,     ,30.26,19 ,0809,29.68,17 ,1523, 0.02, -.38, 0.01, 30  ,     ,     ,   ,    ,    ,   ,  0 ,   , 0, 0, 0,M ,M ,M ,M , 0, 0,M ,M , 0, 33,300, 17, 40,290, 17,    ,     ,   ,     ,     ,     
94224,19960731, 68.7,  1.2, 52.4,   .0, 60.6,   .6,     , 53.5, 137,   8, -20,   8,     ,     ,    ,    ,26.13,     ,30.32, 5 ,0946,29.82,14 ,0300, 1.96, 0.81, 1.21,18-19,     ,     ,   ,    ,    ,   ,  0 ,   , 0, 0, 0, 0, 0, 0, 0, 0, 6, 9, 5, 0, 25,300,+07, 30,310, 06,    ,  5.6,282,  8.3,  4.4,   .3
94297,19960731, 72.9,     , 49.5,     , 61.2,  2.5,     ,     , 132,  22, -58,  20,     ,     ,    ,    ,     ,     ,30.17, 5 ,1207,29.63, 2 ,1453, 0.01, -.68, 0.01, 20  ,     ,     ,   ,    ,    ,   ,  0 ,   , 0, 0, 0, 0, 0, 0, 0, 0, 1,M ,M , 0, 22,260, 30, 29,270, 30,    ,     ,   ,     ,     ,     
94623,19960731, 74.1,     , 56.1,     , 65.1,   .0, 59.6, 61.7,  35,  45,-255,-255,     ,     ,    ,    ,29.76,30.09,30.32,29 ,1156,29.23,19 ,2139, 0.42, 0.00, 0.17, 26  ,     ,     ,   ,    ,    ,   ,  0 ,   , 0, 0, 0, 0, 0, 0, 0, 0,11,M ,M , 0, 22,260, 20, 31,260, 20,    ,  1.4,233,  4.6,  1.1,  1.5
94624,19960731, 75.1,     , 62.9,     , 69.0,  1.7,     , 62.0,   2, 115, -12,  30,     ,     ,    ,    ,29.79,     ,30.34,12 ,1132,29.38,19 ,2221, 1.92,-1.26, 1.46, 31  ,     ,     ,   ,    ,    ,   ,  0 ,   , 0, 0, 0,M ,M ,M ,M , 0,16,M ,M , 0, 32,180, 13, 47,170, 13,    ,     ,   ,     ,     ,     
94700,19960731, 75.3,     , 52.0,     , 63.7,   .0, 55.9, 59.0,  70,  37,-255,-255,     ,     ,    ,    ,28.63,30.11,30.36,29 ,0737,29.27,19 ,1908, 2.60, 0.00, 1.06, 26  ,     ,     ,   ,    ,    ,   ,  0 ,   , 0, 0, 0, 0, 0, 0, 0, 0,14,M ,M , 0, 24,290, 20, 34,290, 20,    ,  1.0,269,  4.5,  2.3,  1.2
94702,19960731, 77.3, -4.4, 65.1,  -.6, 71.2, -2.5, 62.1, 65.5,   0, 199,   0, -71,     ,     ,    ,    ,29.87,30.01,30.30,12 ,1114,29.39,13 ,1621, 2.19,-1.59, 1.30, 31  ,     ,     ,   ,    ,    ,   ,  0 ,   , 0, 0, 0, 0, 0, 0, 0, 5, 4,M ,M , 0, 31,150, 13, 39,150, 13,    ,  2.2,220,  8.2,   .0,  6.4
94705,19960731, 74.5, -3.5, 56.1,   .5, 65.3,  -.7, 56.5, 60.3,  38,  56,  -6, -44,     ,     ,    ,    ,28.69,30.03,30.37,29 ,0745,29.36,19 ,1739, 7.48, 4.35, 1.45,25-26,     ,     ,   ,    ,    ,   ,  0 ,   , 0, 0, 0,M ,M ,M ,M , 6,11,15,11, 0, 29,300, 20, 39,300, 20,    ,  2.5,240,  6.3,  1.2,  1.9
94726,19960731, 77.4,     , 60.7,     , 69.1,   .0, 59.9, 63.6,   2, 137,-255,-255,     ,     ,    ,    ,29.78,30.07,30.31,12 ,1119,29.39,19 ,2220, 3.91, 0.00, 1.06, 13  ,     ,     ,   ,    ,    ,   ,  0 ,   , 0, 0, 0, 0, 0, 0, 0, 1, 3,12, 6, 0, 32,120, 13, 44,120, 13,    ,  4.8,208,  7.7,   .1,  4.4
94728,19960731, 79.8, -5.4, 66.9, -1.5, 73.4, -3.4, 63.7, 67.2,   0, 267,   0, -99,     ,     ,    ,    ,29.76,30.04,30.30,12 ,1005,29.41,13 ,1437, 5.76, 1.41, 2.13,12-13,     ,     ,   ,    ,    ,   ,  0 ,   , 0, 0, 0, 0, 0, 0, 0, 0, 2,15, 9, 0, 24,170, 13, 41,160, 13,    ,  1.3,296,  5.7,   .0,  8.6
94732,19960731, 81.9,     , 65.1,     , 73.5,   .0, 65.2, 68.2,   0, 237,-255,-255,     ,     ,    ,    ,29.79,29.98,30.31,11 ,1114,29.46,13 ,1225, 8.09, 0.00, 2.50,12-13,     ,     ,   ,    ,    ,   ,  0 ,   , 0, 0, 0,M ,M ,M ,M , 0, 2,M ,M , 0, 29,250, 19, 38,250, 19,    ,  2.7,279,     ,     ,     
94746,19960731, 76.0, -3.3, 60.5,   .4, 68.3, -1.4, 60.5, 62.8,   8, 111,   2, -40,     ,     ,    ,    ,28.80,30.07,30.32,12 ,0928,29.39,19 ,1755, 6.50, 2.65, 3.26, 13  ,     ,     ,   ,    ,    ,   ,  0 ,   , 0, 0, 0,M ,M ,M ,M , 2,10,12, 8, 0, 30,300, 09, 43,280, 20,    ,  6.2,247,  9.7,   .3,  3.8
94789,19960731, 78.6, -4.2, 65.8, -2.3, 72.2, -3.3, 63.2, 66.7,   0, 233,   0, -93,     ,     ,    ,    ,29.88,29.98,30.32,12 ,1038,29.39,13 ,1435, 8.81, 5.01, 3.51, 31  ,     ,     ,   ,    ,    ,   ,  0 ,   ,M ,M ,M , 0, 0, 0, 0, 7, 4,13,10, 0, 36,120, 13, 43,120, 13,    ,  3.3,221, 10.2,   .0,  7.5
94814,19960731, 75.9, -3.7, 52.0, -3.4, 64.0, -3.5,     , 58.4,  65,  41,  30, -71,     ,     ,    ,    ,28.70,     ,30.30,27 ,1039,29.55, 8 ,1651, 2.76, 0.18, 0.98,28-29,     ,     ,   ,    ,    ,   ,  0 ,   , 0, 0, 0, 0, 0, 0, 0, 5, 6, 9, 5, 0, 29,300, 08, 43,290, 08,    ,  2.9,281,  6.9,  2.1,  1.3
94822,19960731, 79.6, -4.2, 58.5, -4.0, 69.1, -4.1, 58.7, 63.0,   6, 141,   1,-118,     ,     ,    ,    ,29.16,29.75,30.25,27 ,1145,29.67, 8 ,1353, 9.73, 5.61, 7.43,17-18,     ,     ,   ,T   ,    ,   ,  0 ,   , 0, 0, 0, 0, 0, 0, 0, 7, 2,11, 5, 0, 25,350, 28, 33,350, 28,    ,  1.8,284,  7.2,   .2,  4.6
94823,19960731, 79.2, -3.4, 60.0, -1.6, 69.6, -2.5, 60.0, 64.0,  14, 162,   8, -65,     ,     ,    ,    ,28.73,29.98,30.34,11 ,0838,29.67, 9 ,0308, 4.01, 0.26, 1.30, 2-3 ,     ,     ,   ,    ,    ,   ,  0 ,   , 7,15, 9, 0, 0, 0, 0, 6, 1,13, 8, 0, 46,310, 03, 53,300, 03,    ,  3.4,271,  6.7,   .5,  5.2
94830,19960731, 82.5,  -.9, 58.5, -2.1, 70.5, -1.6, 58.3, 63.1,   6, 184,   6, -41,     ,     ,    ,    ,29.20,29.95,30.26,27 ,1111,29.60, 8 ,2016, 1.81,-1.46, 0.50,14-15,     ,     ,   ,    ,    ,   ,  0 ,   , 0, 0, 0, 2, 0, 0, 0, 4, 0,M ,M , 0, 34,010, 07, 39,010, 07,    ,  3.2,268,  7.0,   .2,  5.9
94846,19960731, 80.1, -3.6, 59.6, -3.0, 69.9, -3.3, 60.0, 63.9,   9, 166,   4, -93,     ,     ,    ,    ,29.22,29.96,30.24,27 ,1023,29.62, 8 ,1435, 3.74, 0.08, 2.64,17-18,     ,     ,   ,T   ,    ,   ,  0 ,   , 0, 0, 0, 1, 0, 0, 0, 8, 0,10, 5, 0, 30,020, 02, 38,280, 15,    ,  1.8,289,  7.9,   .3,  5.4
94847,19960731, 81.1, -2.2, 60.1, -1.2, 70.6, -1.7, 59.1, 63.8,   3, 184,   3, -47,     ,     ,    ,    ,29.24,29.95,30.27,28 ,0818,29.59, 8 ,1718, 2.64, -.54, 1.40,29-30,     ,     ,   ,    ,    ,   ,  0 ,   , 0, 0, 0, 1, 0, 0, 0, 5, 1,11, 8, 0, 24,020,+29, 31,360, 19,    ,  3.1,266,  7.6,   .1,  5.9
94849,19960731, 75.2, -5.0, 53.2,  -.8, 64.2, -2.9, 55.0, 58.9,  53,  36,  10, -72,     ,     ,    ,    ,29.12,29.94,30.30,28 ,1015,29.50, 8 ,1659, 4.06, 1.14, 1.25,18-19,     ,     ,   ,T   ,    , 8 ,  0 ,   , 0, 0, 0, 0, 0, 0, 0,10, 4,18, 8, 0, 25,330,+19, 33,330, 08,    ,  1.6,307,  6.7,  1.7,  1.2
94855,19960731, 76.3,     , 57.6,     , 67.0, -4.8, 58.4, 62.0,  18,  89,  12,-128,     ,     ,    ,    ,29.01,29.91,30.23,27 ,0939,29.58, 8 ,1018, 4.90, 1.62, 1.52,18-19,     ,     ,   ,    ,    ,   ,  0 ,   , 0, 0, 0, 0, 0, 0, 0, 3, 1,M ,M , 0, 30,010, 18, 38,010, 18,    ,  2.1,287,  7.6,   .6,  2.9
94860,19960731, 79.0, -3.8, 57.3, -3.1, 68.2, -3.4, 55.3, 60.7,  10, 116,  10, -92,     ,     ,    ,    ,29.08,29.96,30.28,27 ,0905,29.60, 8 ,1621, 1.28,-1.91, 0.36,28-29,     ,     ,   ,    ,    ,   ,  0 ,   , 0, 0, 0, 0, 0, 0, 0, 2, 0,10, 6, 0, 24,270, 18, 29,270, 18,    ,  3.7,260,     ,     ,     
94871,19960731, 77.0,     , 53.0,     , 65.0, -6.9, 57.8, 61.0,  64,  70,  57,-151,     ,     ,    ,    ,29.25,29.98,30.27,27 ,1246,29.64, 8 ,1643, 1.69,-1.41, 0.61,28-29,     ,     ,   ,    ,    ,   ,  0 ,   , 0, 0, 0, 0, 0, 0, 0, 0, 6,12, 7, 0, 21,250,+19, 28,250, 19,    ,  1.5,273,  5.2,  2.1,  2.3
94908,19960731, 78.5, -3.9, 59.1, -2.9, 68.8, -3.5, 58.9, 62.9,   7, 131,   1,-101,     ,     ,    ,    ,28.78,29.97,30.24,10 ,1034,29.71, 8 ,0747, 2.38,-1.64, 0.76,12-13,     ,     ,   ,    ,    ,   ,  0 ,   , 0, 0, 0, 0, 0, 0, 0, 5, 1,12, 6, 0, 24,320, 08, 29,310, 08,    ,  1.6,284,  6.8,   .3,  4.3
94910,19960731, 81.9, -2.0, 60.0, -2.2, 71.0, -2.1, 61.2, 64.9,   2, 194,  -8, -67,     ,     ,    ,    ,29.01,29.96,30.22,10 ,0830,29.70, 8 ,0453, 2.38,-2.45, 0.73,16-17,     ,     ,   ,    ,    ,   ,  0 ,   , 0, 0, 0, 3, 0, 0, 0, 7, 0, 9, 6, 0, 29,320, 08, 34,330, 08,    ,  2.3,264,  7.7,   .1,  6.3
94938,19960731, 78.6,     , 55.1,     , 66.9,   .0,     , 57.8,  29,  84,-255,-255,     ,     ,    ,    ,28.63,     ,30.21,10 ,0650,29.65,18 ,0456, 1.98, 0.00, 0.64,11-12,     ,     ,   ,    ,    ,   ,  0 ,   , 0, 0, 0,M ,M ,M ,M , 0, 2,M ,M , 0, 32,250, 11, 44,240, 11,    ,  1.4,190,  5.2,     ,     
94949,19960731, 81.9,     , 63.4,     , 72.7, 72.7, 64.3, 66.0,   1, 232,   1, 232,     ,     ,    ,    ,27.88,29.83,30.23,10 ,0858,29.70,16 ,1819, 4.04, 4.04, 1.80,19-20,     ,     ,   ,    ,    ,   ,  0 ,   , 0, 0, 0,M ,M ,M ,M , 0, 3,M ,M , 0, 38,340, 13, 45,040, 13,    ,  2.1,121,     ,     ,     
94961,19960731, 75.4,     , 53.9,     , 64.7,   .0, 57.4, 60.3,  50,  45,-255,-255,     ,     ,    ,    ,28.74,29.94,30.22,27 ,2209,29.59,18 ,0454, 1.56, 0.00, 0.53, 18  ,     ,     ,   ,    ,    ,   ,  0 ,   , 0, 0, 0, 0, 0, 0, 0, 0, 1,M ,M , 0, 26,230, 21, 36,170, 20,    ,  0.8,324,  6.5,  1.6,  1.5
94967,19960731, 77.4,     , 54.2,     , 65.8,   .0,     , 58.5,  30,  58,-255,-255,     ,     ,    ,    ,28.39,     ,30.19,26 ,1144,29.60,18 ,0434, 2.79, 0.00, 0.82,23-24,     ,     ,   ,    ,    ,   ,  0 ,   , 0, 0, 0,M ,M ,M ,M , 0, 2,M ,M , 0, 40,330, 06, 69,310, 06,    ,  1.7,272,  8.4,     ,     
94971,19960731, 78.2,     , 57.8,     , 68.0,   .0,     ,     ,   5,  53,-255,-255,     ,     ,    ,    ,     ,     ,30.19,26 ,1215,29.70,18 ,0507,  M  , 0.00, M   ,     ,     ,     ,   ,    ,    ,   ,  0 ,   , 0, 0, 0,M ,M ,M ,M , 0, 1,M ,M , 0, 25,320, 08, 32,320, 08,    ,     ,   ,     ,     ,     
94973,19960731, 73.7,     , 49.9,     , 61.8,   .0, 56.4, 59.0, 114,  23,-255,-255,     ,     ,    ,    ,28.63,29.97,30.23,27 ,0934,29.62,18 ,1355, 0.64, 0.00, 0.56,27-28,     ,     ,   ,    ,    ,   ,  0 ,   , 0, 0, 0, 0, 0, 0, 0, 0,11,M ,M , 0, 20,160,+18, 29,340, 08,    ,  0.5,106,  4.6,  3.7,   .8
94978,19960731, 83.5,     , 61.0,     , 72.3, 72.3, 62.7, 66.3,   2, 235,   2, 235,     ,     ,    ,    ,28.86,29.97,30.22,10 ,0750,29.71,17 ,2014, 0.00, 0.00, 0.00,     ,     ,     ,   ,    ,    ,   ,  0 ,   , 0, 0, 0, 3, 0, 0, 0, 0, 0,M ,M , 0, 36,340, 16, 48,340, 16,    ,  0.2,284,  7.2,   .1,  7.6
94982,19960731, 80.9,     , 59.7,     , 70.3,   .0,     , 63.2,   5, 165,-255,-255,     ,     ,    ,    ,29.12,     ,30.24,10 ,0838,29.71, 8 ,1257, 3.84, 0.00, 1.68, 12  ,     ,     ,   ,    ,    ,   ,  0 ,   , 0, 0, 0,M ,M ,M ,M , 0, 4,M ,M , 0, 41,340, 22, 52,350, 22,    ,  1.9,280,  7.9,   .2,  5.7
94985,19960731, 75.6,     , 54.0,     , 64.8, -3.2, 56.8, 60.1,  48,  49,  17, -91,     ,     ,    ,    ,28.57,29.96,30.24,27 ,0732,29.64, 8 ,0535, 0.26,-3.53, 0.26, 12  ,     ,     ,   ,    ,    ,   ,  0 ,   , 0, 0, 0, 0, 0, 0, 0, 0, 2,M ,M , 0, 28,310,+18, 34,300, 08,    ,  2.9,292,  8.2,  1.6,  1.6
