Wban Number, YearMonthDay, Avg Max Temp, Departure Max Temp, Avg Min Temp, Departure Min Temp, Avg Temp, Departure from Normal, Avg Dew Point, Avg Wet Bulb, Heating Degree Days, Cooling Degree Days, HDD Monthly Departure, CDD Monthly Departure, HDD Season to Date, CDD Season to Date, HDD Season to Date Departure, CDD Season to Date Departure, Mean Station Pressure, Mean Sea Level Pressure, Max Sea Level Pressure, Date Max Sea Level Pressure, Time Max Sea Level Pressure,Min Sea Level Pressure, Date Min Sea Level Pressure, Time Min Sea Level Pressure, Total Monthly Precip, Departure from Normal Precip, Max 24 hr. Precip, Date Max 24 hr. Precip, Sunshine Minutes, Total Minutes Sunshine, Percent Possible Sunshine, Total Snowfall, Max 24 hr. Snowfall, Date Max 24 hr. Snowfall, Max 12Z Snow Depth, Date Max 12Z Snow Depth, Clear Sky Days, Partly Cloudy Days, Cloudy Days, Max Temp >= 90 Days, Max Temp <= 32 Days, Min Temp <= 32 Days, Min Temp <= 0 Days, Thunderstorm Days, Heavy Fog Days, Precip >= 1/100 Days, Precip >= 1/10 Days, Snowfall >= 1.0 inch Days, Max Wind Speed, Max Wind Direction, Max Wind Date, Peak Gust Speed, Peak Gust Direction, Peak Gust Date, Water Equivalent, Resultant Wind Speed, Resultant Wind Direction, Avg Wind Speed, Avg HDD, Avg CDD
03013,19961031,     ,     ,     ,     ,     ,     ,     , 44.6,    ,    ,    ,    ,     ,     ,    ,    ,26.16,     ,     ,   ,    ,     ,   ,    ,     ,     ,     ,     ,     ,     ,   ,    ,    ,   ,    ,   ,  ,  ,  ,  ,  ,  ,  , 0, 0,  ,  , 0, 51,340, 16, 60,330, 16,    ,     ,   ,  9.4, 10.8,   .2
03017,19961031, 64.9,     , 36.8,     , 50.9,   .7, 28.9, 40.1, 444,  13, -15,  13,     ,     ,    ,    ,24.54,30.22,30.52,27 ,0814,29.14,26 ,0251, 0.39, -.60, 0.32, 26  ,     ,     ,   ,    ,    ,   ,  0 ,   , 0, 0, 0, 0, 1,13, 0, 0, 4, 3, 1, 0, 37,170,+29, 43,290, 29,    ,  2.0,231,  9.6, 14.3,   .4
03103,19961031, 59.9, -3.5, 29.5, -1.5, 44.7, -2.5,     ,     , 620,   0,  68,   0,     ,     ,    ,    ,     ,     ,30.32,22 ,0707,29.51,25 ,1412, 0.83, -.78, 0.30,27-28,     ,     ,   ,    ,    ,   ,  0 ,   , 0, 0, 0, 0, 1,16, 0, 4, 4,M ,M , 0, 30,240, 16, 38,240, 16,    ,     ,   ,  6.3, 20.0,   .0
03160,19961031, 75.7,  -.8, 47.4, -2.2, 61.6, -1.5, 23.9, 44.9, 215, 117,  71,  32,     ,     ,    ,    ,26.54,29.96,30.39,21 ,0947,29.45,25 ,0219, 0.30, -.05, 0.28, 30  ,     ,     ,   ,    ,    ,   ,  0 ,   , 0, 0, 0, 6, 0, 2, 0, 0, 0, 2, 1, 0, 36,200, 19, 43,210, 19,    ,  1.4, 62,  8.7,  6.9,  3.8
03195,19961031,     ,     ,     ,     ,     ,     , 25.0, 37.4,    ,    ,    ,    ,     ,     ,    ,    ,23.57,30.05,     ,   ,    ,     ,   ,    ,     ,     ,     ,     ,     ,     ,   ,    ,    ,   ,    ,   ,  ,  ,  ,  ,  ,  ,  , 1, 1,  ,  , 0, 33,210, 19, 43,210, 19,    ,  0.8,199,  6.7, 19.8,   .0
03812,19961031, 67.8,  -.5, 43.8,   .3, 55.8,  -.1, 45.5, 50.2, 284,   5, -11,  -8,     ,     ,    ,    ,27.86,30.13,30.55, 5 ,0913,29.62, 8 ,1228, 0.69,-2.90, 0.23, 7-8 ,     ,     ,   ,    ,    ,   ,  0 ,   , 0, 0, 0, 0, 0, 3, 0, 0, 9,12, 2, 0, 28,340, 18, 36,330, 18,    ,  2.2,333,  4.8,  9.2,   .2
03813,19961031, 75.9, -2.0, 49.6, -2.0, 62.8, -2.0, 53.1, 57.1, 115,  55,   9, -45,     ,     ,    ,    ,29.66,30.09,30.40,12 ,0956,29.51, 8 ,0344, 2.76, 0.58, 1.62, 7-8 ,     ,     ,   ,    ,    ,   ,  0 ,   , 0, 0, 0, 0, 0, 0, 0, 0, 2,13, 4, 0, 25,030, 07, 33,030, 07,    ,  2.3,360,  6.2,  3.7,  1.8
03816,19961031, 69.4, -1.2, 47.1,   .3, 58.3,  -.4, 49.0, 53.6, 216,  16, -12, -17,     ,     ,    ,    ,29.59,30.02,30.37,11 ,1000,29.52,22 ,1315, 4.13, 1.13, 1.05, 17  ,     ,     ,   ,    ,    ,   ,  0 ,   , 0, 0, 0, 0, 0, 0, 0, 3, 8,10, 8, 0, 43,240, 22, 52,250, 22,    ,  1.6,224,  6.0,  7.0,   .5
03820,19961031, 75.3, -1.9, 48.5, -1.8, 61.9, -1.9, 52.7, 56.5, 127,  40,  -2, -52,     ,     ,    ,    ,29.88,30.11,30.43, 5 ,0910,29.40, 8 ,0415, 1.90, -.94, 0.98, 7   ,     ,     ,   ,    ,    ,   ,  0 ,   , 0, 0, 0, 0, 0, 0, 0, 0, 9, 4, 3, 0, 26,030,+18, 37,030, 08,    ,  2.0,  9,  4.9,  4.1,  1.3
03822,19961031, 77.3,  -.2, 55.7, -1.2, 66.5,  -.8, 57.1, 60.7,  51, 105, -12, -30,     ,     ,    ,    ,29.97,30.10,30.39,27 ,1014,29.26, 8 ,0350, 3.41,-1.02, 2.22, 7   ,     ,     ,   ,    ,    ,   ,  0 ,   , 0, 0, 0, 0, 0, 0, 0, 0, 3, 4, 4, 0, 30,040, 07, 34,030, 08,    ,  3.6, 16,  6.3,  1.7,  3.4
03849,19961031,     ,     ,     ,     ,     ,     , 46.5, 50.8,    ,    ,    ,    ,     ,     ,    ,    ,28.79,30.08,     ,   ,    ,     ,   ,    ,     ,     ,     ,     ,     ,     ,   ,    ,    ,   ,    ,   ,  ,  ,  ,  ,  ,  ,  , 0, 5,  ,  , 0, 30,260, 30, 36,200, 30,    ,  1.1,241,  4.0,  9.1,   .3
03856,19961031, 73.2,   .2, 50.3,  1.0, 61.8,   .6, 51.6, 56.1, 136,  43, -37, -13,     ,     ,    ,    ,29.39,30.10,30.40,12 ,0940,29.71,22 ,1631, 2.70, -.55, 0.67, 18  ,     ,     ,   ,    ,    ,   ,  0 ,   , 0, 0, 0, 0, 0, 0, 0, 1, 2, 6, 6, 0, 25,160, 22, 32,170, 22,    ,  1.1,133,  6.4,  4.4,  1.4
03860,19961031, 67.3,   .1, 45.4,   .4, 56.4,   .3, 47.1, 51.4, 263,   4,-292,   4,     ,     ,    ,    ,29.16,30.09,30.49, 4 ,0950,29.62, 8 ,1537, 1.88, -.95, 0.79,17-18,     ,     ,   ,    ,    ,   ,  0 ,   , 0, 0, 0, 0, 0, 0, 0, 1, 3, 9, 5, 0, 32,260, 30, 44,260, 30,    ,  1.1,223,  5.2,  8.8,   .2
03870,19961031, 71.1,  -.8, 49.3,   .3, 60.2,  -.3,     ,     , 162,  22, -13, -14,     ,     ,    ,    ,     ,     ,30.50, 5 ,0925,29.53, 8 ,0925, 0.82,-3.17, 0.57, 7-8 ,     ,     ,   ,    ,    ,   ,  0 ,   , 0, 0, 0, 0, 0, 0, 0, 0, 5,10, 2, 0, 26,230, 30, 32,220, 30,    ,     ,   ,  5.8,  5.2,   .7
03872,19961031, 62.8,   .2, 43.5,  1.4, 53.2,   .8, 45.1, 49.0, 361,   0, -39,  -9,     ,     ,    ,    ,27.44,30.05,30.50, 5 ,1056,29.59, 8 ,1439, 2.17, -.72, 0.59,18-19,     ,     ,   ,T   ,    , 20,  0 ,   , 0, 0, 0, 0, 0, 1, 0, 0, 6,15, 6, 0, 26,250, 30, 37,260, 30,    ,  2.1,192,  5.9, 11.7,   .0
03889,19961031, 67.3,   .0, 48.0,  1.0, 57.7,   .5, 45.3, 50.9, 231,  12, -33, -10,     ,     ,    ,    ,28.59,30.07,30.44, 4 ,1028,29.64,30 ,0404, 4.00, 0.80, 1.97, 2   ,     ,     ,   ,    ,    ,   ,  0 ,   , 0, 0, 0, 0, 0, 0, 0, 0, 6, 8, 6, 0, 23,270,+23, 39,170, 23,    ,  1.3,209,  4.9,  7.5,   .4
03919,19961031,     ,     ,     ,     ,     ,     , 43.0, 50.3,    ,    ,    ,    ,     ,     ,    ,    ,28.61,30.22,     ,   ,    ,     ,   ,    ,     ,     ,     ,     ,     ,     ,   ,    ,    ,   ,    ,   ,  ,  ,  ,  ,  ,  ,  , 3, 0,  ,  , 0, 46,280, 29, 55,280, 29,    ,  4.0,205, 13.6,  7.8,   .9
03927,19961031, 77.9,  -.6, 55.9,   .1, 66.9,  -.3, 54.7, 60.1,  51, 120,   0,   1,     ,     ,    ,    ,29.39,29.97,30.32,18 ,0945,29.63,20 ,1651, 6.56, 3.04, 4.29,27-28,     ,     ,   ,    ,    ,   ,  0 ,   , 0, 0, 0, 0, 0, 0, 0, 3, 2, 1, 2, 0, 32,320, 21, 48,190, 21,    ,  2.5,163, 10.4,  1.7,  3.9
03928,19961031, 68.8, -1.8, 48.0,  1.4, 58.4,  -.2, 44.7, 51.1, 231,  35,  10,  13,     ,     ,    ,    ,28.56,30.03,30.41,10 ,1000,29.44,29 ,1455, 1.90, -.32, 0.70,26-27,     ,     ,   , 0.2,    , 22,  0 ,   ,M ,M ,M , 0, 0, 1, 0, 4, 0, 6, 5, 0, 40,230, 29, 48,230, 29,    ,  3.7,182, 12.0,  7.5,  1.1
03936,19961031,     ,     ,     ,     ,     ,     , 42.8, 49.5,    ,    ,    ,    ,     ,     ,    ,    ,28.82,30.10,     ,   ,    ,     ,   ,    ,     ,     ,     ,     ,     ,     ,   ,    ,    ,   ,    ,   ,  ,  ,  ,  ,  ,  ,  , 0, 1,  ,  , 0, 40,220, 29, 49,210, 29,    ,  3.5,208,  9.3,  9.2,   .8
03937,19961031, 79.5,  -.7, 59.2,  1.3, 69.4,   .4,     ,     ,  32, 175,  -3,  13,     ,     ,    ,    ,     ,     ,30.31,11 ,0947,29.76,22 ,0429, 8.80, 4.85, 7.50,24-25,     ,     ,   ,    ,    ,   ,  0 ,   , 0, 0, 0, 0, 0, 0, 0, 3, 5,M ,M , 0, 31,120, 24, 38,330,+24,    ,     ,   ,  8.1,  1.0,  5.7
03940,19961031, 77.5, -1.6, 52.8,  2.5, 65.1,   .4, 55.2, 59.3,  80,  92, -24,  -2,     ,     ,    ,    ,29.70,30.05,30.31,12 ,0953,29.77,22 ,1027, 1.59,-1.67, 0.76,25-26,     ,     ,   ,    ,    ,   ,  0 ,   , 0, 0, 0, 0, 0, 0, 0, 4, 1, 6, 5, 0, 26,260, 22, 34,260, 22,    , NaNQ,NaN,  5.2,  2.6,  3.0
03945,19961031, 67.5,  -.1, 44.7,  -.8, 56.1,  -.4, 45.5, 50.6, 194,  12, -91,  -9,     ,     ,    ,    ,29.02,     ,30.36,27 ,0922,29.31,22 ,1237, 2.53, -.69, 1.22,21-22,     ,     ,   ,    ,    ,   ,  0 ,   , 0, 0, 0,M ,M ,M ,M , 3, 2,M ,M , 0, 47,250, 29, 59,250, 29,    ,  3.8,188,     ,     ,     
03947,19961031, 66.6,  -.9, 46.0,   .3, 56.3,  -.3, 44.1, 49.9, 291,  29,  12,  11,     ,     ,    ,    ,28.92,30.10,30.47, 3 ,0818,29.28,29 ,1745, 3.34, 0.05, 1.38,21-22,     ,     ,   ,    ,    ,   ,  0 ,   , 0, 0, 0, 0, 0, 2, 0, 2, 1,M ,M , 0, 40,210, 29, 52,230, 29,    ,  4.2,187, 11.8,  9.4,   .9
03950,19961031,     ,     ,     ,     ,     ,     , 50.4, 55.4,    ,    ,    ,    ,     ,     ,    ,    ,28.79,30.01,     ,   ,    ,     ,   ,    ,     ,     ,     ,     ,     ,     ,   ,    ,    ,   ,    ,   ,  ,  ,  ,  ,  ,  ,  , 4, 0,  ,  , 0, 39,360, 21, 45,360, 21,    ,  2.1,122, 10.5,  4.3,  1.7
03954,19961031,     ,     ,     ,     ,     ,     , 48.2, 53.8,    ,    ,    ,    ,     ,     ,    ,    ,28.92,29.95,     ,   ,    ,     ,   ,    ,     ,     ,     ,     ,     ,     ,   ,    ,    ,   ,    ,   ,  ,  ,  ,  ,  ,  ,  , 5, 0,  ,  , 0, 37,240, 29, 45,230, 29,    ,  4.6,183, 12.8,  5.2,  1.3
03967,19961031, 66.9,     , 46.7,     , 56.8, 56.8, 45.1, 51.0, 262,  22, 262,  22,     ,     ,    ,    ,28.82,30.01,30.42, 3 ,0746,29.31,29 ,1719,  M  , 0.00, M   ,     ,     ,     ,   ,    ,    ,   ,  0 ,   , 0, 0, 0, 0, 0, 2, 0, 1, 1,M ,M , 0, 45,260, 29, 54,260, 29,    ,  3.6,184, 10.6,  8.7,   .7
03974,19961031,     ,     ,     ,     ,     ,     ,     ,     ,    ,    ,    ,    ,     ,     ,    ,    ,     ,     ,     ,   ,    ,     ,   ,    ,     ,     ,     ,     ,     ,     ,   ,    ,    ,   ,    ,   ,  ,  ,  ,  ,  ,  ,  , 0, 0,  ,  , 0, 34,170, 19, 43,170, 19,    ,     ,   ,     ,     ,     
03991,19961031,     ,     ,     ,     ,     ,     , 52.6, 58.3,    ,    ,    ,    ,     ,     ,    ,    ,29.30,30.02,     ,   ,    ,     ,   ,    ,     ,     ,     ,     ,     ,     ,   ,    ,    ,   ,    ,   ,  ,  ,  ,  ,  ,  ,  , 0, 2,  ,  , 0, 30,310, 21, 38,280, 21,    ,  2.7,147,  9.4,  2.5,  2.8
03994,19961031,     ,     ,     ,     ,     ,     , 45.3, 50.5,    ,    ,    ,    ,     ,     ,    ,    ,29.01,30.13,     ,   ,    ,     ,   ,    ,     ,     ,     ,     ,     ,     ,   ,    ,    ,   ,    ,   ,  ,  ,  ,  ,  ,  ,  , 0, 1,  ,  , 0, 36,220, 29, 45,220, 29,    ,  4.0,208, 10.3,  8.8,   .6
03996,19961031,     ,     ,     ,     ,     ,     , 57.9, 61.0,    ,    ,    ,    ,     ,     ,    ,    ,29.92,30.03,     ,   ,    ,     ,   ,    ,     ,     ,     ,     ,     ,     ,   ,    ,    ,   ,    ,   ,  ,  ,  ,  ,  ,  ,  , 0, 8,  ,  , 0, 29,130, 24, 36,130, 24,    ,  1.9, 98,  6.9,  2.3,  3.3
03997,19961031, 68.3,     , 45.3,     , 56.8,   .0, 46.0, 51.1, 251,  22,-255,-255,     ,     ,    ,    ,29.09,30.08,30.47, 3 ,0857,29.31,29 ,1448,  M  , 0.00, M   ,     ,     ,     ,   ,    ,    ,   ,  0 ,   , 0, 0, 0,M ,M ,M ,M , 0, 3,M ,M , 0, 40,230, 29, 54,280, 29,    ,  2.9,173,  9.9,  8.7,   .8
03998,19961031,     ,     ,     ,     ,     ,     , 46.6, 52.0,    ,    ,    ,    ,     ,     ,    ,    ,29.02,29.96,     ,   ,    ,     ,   ,    ,     ,     ,     ,     ,     ,     ,   ,    ,    ,   ,    ,   ,  ,  ,  ,  ,  ,  ,  , 0, 0,  ,  , 0, 34,230, 29, 41,240, 29,    ,  2.0,207,  8.6,  7.1,   .9
04725,19961031, 57.4,   .1, 39.5,  -.8, 48.5,  -.3, 39.5, 44.2, 506,   0,   4,   0,     ,     ,    ,    ,28.31,30.04,30.67, 5 ,1005,29.46,30 ,1420, 3.34, 0.45, 1.81, 19  ,     ,     ,   ,T   ,    , 10,  0 ,   , 0, 0, 0, 0, 0, 5, 0, 0, 3,11, 6, 0, 29,130,+20, 38,150, 30,    ,  2.1,235,  8.6, 16.3,   .0
04826,19961031,     ,     ,     ,     ,     ,     , 36.5, 42.8,    ,    ,    ,    ,     ,     ,    ,    ,28.83,30.20,     ,   ,    ,     ,   ,    ,     ,     ,     ,     ,     ,     ,   ,    ,    ,   ,    ,   ,  ,  ,  ,  ,  ,  ,  , 0, 1,  ,  , 0, 36,290, 30, 48,290, 30,    ,  2.4,221,  8.5, 17.8,   .0
04836,19961031, 48.0,     , 32.2,     , 40.1,   .0,     , 36.3, 714,   0,-255,-255,     ,     ,    ,    ,28.89,     ,30.66, 5 ,0938,29.44,14 ,1011, 3.50, 0.00, 0.76, 28  ,     ,     ,   ,    ,    ,   ,  0 ,   , 0, 0, 0,M ,M ,M ,M , 0, 6,14, 8, 0, 36,320, 15, 46,340, 15,    ,  3.0,293, 10.4, 24.6,   .0
04838,19961031,     ,     ,     ,     ,     ,     ,     , 46.1,    ,    ,    ,    ,     ,     ,    ,    ,29.28,     ,     ,   ,    ,     ,   ,    ,     ,     ,     ,     ,     ,     ,   ,    ,    ,   ,    ,   ,  ,  ,  ,  ,  ,  ,  , 2, 1,  ,  , 0, 34,230, 29, 44,220, 29,    ,  2.6,226,  7.8,     ,     
04839,19961031,     ,     ,     ,     ,     ,     , 42.6, 46.7,    ,    ,    ,    ,     ,     ,    ,    ,29.23,30.10,     ,   ,    ,     ,   ,    ,     ,     ,     ,     ,     ,     ,   ,    ,    ,   ,    ,   ,  ,  ,  ,  ,  ,  ,  , 0, 3,  ,  , 0, 48,250, 30, 62,230, 30,    ,  3.5,238, 10.1, 14.2,   .0
04840,19961031,     ,     ,     ,     ,     ,     , 39.7, 44.5,    ,    ,    ,    ,     ,     ,    ,    ,29.07,30.13,     ,   ,    ,     ,   ,    ,     ,     ,     ,     ,     ,     ,   ,    ,    ,   ,    ,   ,  ,  ,  ,  ,  ,  ,  , 0, 1,  ,  , 0, 43,290, 30, 49,290, 30,    ,  3.4,207,  9.7, 16.0,   .0
04841,19961031, 58.1,     , 35.8,     , 47.0,   .0, 39.7, 44.0, 553,   0,-255,-255,     ,     ,    ,    ,28.13,30.15,30.61, 3 ,0755,28.99,30 ,0302, 2.05, 0.00, 1.11,29-30,     ,     ,   ,    ,    ,   ,  0 ,   , 0, 0, 0, 0, 0,14, 0, 0, 5,M ,M , 0, 37,270, 30, 48,280, 30,    ,  3.4,237,  9.2, 17.8,   .0
11641,19961031,     ,     ,     ,     ,     ,     ,     ,     ,    ,    ,    ,    ,     ,     ,    ,    ,     ,     ,     ,   ,    ,     ,   ,    ,     ,     ,     ,     ,     ,     ,   ,    ,    ,   ,    ,   ,  ,  ,  ,  ,  ,  ,  , 0, 0,  ,  , 0,   ,   ,   ,   ,   ,   ,    ,     ,   ,     ,     ,     
12812,19961031, 86.6,     , 67.5,     , 77.1, 77.1, 67.5, 70.4,   0, 380,   0, 380,     ,     ,    ,    ,29.92,30.00,30.29,27 ,0919,29.51, 8 ,0454, 2.34, 2.34, 0.99, 7-8 ,     ,     ,   ,    ,    ,   ,  0 ,   , 0, 0, 0, 6, 0, 0, 0, 0, 4,M ,M , 0, 41,210, 08, 56,210, 08,    ,  4.7, 58,  7.8,   .0, 12.3
12815,19961031, 82.6, -2.0, 64.9,  -.9, 73.8, -1.4, 65.3, 68.2,   6, 283,   6, -33,     ,     ,    ,    ,29.87,30.05,30.32,27 ,1040,29.45, 8 ,0404, 3.28, 0.86, 0.98, 3-4 ,     ,     ,   ,    ,    ,   ,  0 ,   , 0, 0, 0, 0, 0, 0, 0, 1, 2, 9, 7, 0, 30,200,+08, 39,180, 07,    ,  3.7, 54,  7.4,   .2,  9.1
12818,19961031,     ,     ,     ,     ,     ,     , 65.4, 67.5,    ,    ,    ,    ,     ,     ,    ,    ,29.89,30.08,     ,   ,    ,     ,   ,    ,     ,     ,     ,     ,     ,     ,   ,    ,    ,   ,    ,   ,  ,  ,  ,  ,  ,  ,  , 0, 4,  ,  , 0, 29,250, 07, 41,250, 07,    ,  4.2, 43,  6.5,   .9,  7.8
12819,19961031,     ,     ,     ,     ,     ,     , 65.0, 68.1,    ,    ,    ,    ,     ,     ,    ,    ,29.90,30.03,     ,   ,    ,     ,   ,    ,     ,     ,     ,     ,     ,     ,   ,    ,    ,   ,    ,   ,  ,  ,  ,  ,  ,  ,  , 0, 4,  ,  , 0, 28,050, 04, 33,050, 04,    ,  3.6, 60,  6.7,   .2,  9.8
12834,19961031, 80.5, -1.0, 65.2,   .0, 72.9,  -.5, 64.4, 67.5,  11, 262,  11,  -3,     ,     ,    ,    ,29.96,30.08,30.35,27 ,1045,29.45, 8 ,0328,11.15, 7.02, 4.01, 2-3 ,     ,     ,   ,    ,    ,   ,  0 ,   , 0, 0, 0, 0, 0, 0, 0, 2, 3,14, 9, 0, 29,060, 04, 38,040, 04,    ,  3.3, 62,  5.7,   .4,  8.5
12836,19961031, 83.4, -1.0, 74.5, -1.0, 79.0, -1.0, 71.8, 74.0,   0, 439,   0, -26,     ,     ,    ,    ,29.91,29.95,30.21,27 ,1033,29.61, 7 ,1644,11.87, 7.45, 3.66, 5   ,     ,     ,   ,    ,    ,   ,  0 ,   , 0, 0, 0, 0, 0, 0, 0, 4, 3,19,13, 0, 25,190, 08, 34,190, 08,    ,  5.6, 71,  8.9,   .0, 14.2
12839,19961031, 84.0,  -.5, 72.8,   .7, 78.4,   .1,     ,     ,   0, 421,   0,   9,     ,     ,    ,    ,     ,     ,30.24,27 ,1059,29.60, 8 ,0351,10.10, 4.46, 2.19, 6   ,     ,     ,   ,    ,    ,   ,  0 ,   , 0, 0, 0, 0, 0, 0, 0, 1, 1,15,13, 0, 41,010, 19, 44,100, 17,    ,     ,   ,  8.6,   .0, 13.6
12842,19961031, 83.5,  -.8, 68.1,  2.9, 75.8,  1.0, 67.2, 70.2,   3, 348,   3,  44,     ,     ,    ,    ,29.90,30.03,30.30,27 ,1028,29.44, 7 ,1929, 3.12, 1.10, 2.20, 7-8 ,     ,     ,   ,    ,    ,   ,  0 ,   , 0, 0, 0, 1, 0, 0, 0, 0, 0, 8, 4, 0, 40,210, 07, 53,210, 07,    ,  3.2, 69,  7.1,   .1, 11.2
12844,19961031, 84.7,  -.2, 71.7,  1.0, 78.2,   .4, 68.1, 71.3,   0, 417,   0,  20,     ,     ,    ,    ,29.93,29.99,30.28,27 ,1113,29.58, 8 ,0351, 2.09,-4.51, 1.56,17-18,     ,     ,   ,    ,    ,   ,  0 ,   , 0, 0, 0, 1, 0, 0, 0, 2, 1,M ,M , 0, 49,040, 09, 59,030, 09,    ,  6.4, 78,  9.7,   .0, 13.5
12876,19961031,     ,     ,     ,     ,     ,     ,     ,     ,    ,    ,    ,    ,     ,     ,    ,    ,     ,     ,     ,   ,    ,     ,   ,    ,     ,     ,     ,     ,     ,     ,   ,    ,    ,   ,    ,   ,  ,  ,  ,  ,  ,  ,  , 0, 1,  ,  , 0, 31,190, 08, 40,190, 08,    ,     ,   ,  7.7,   .2, 10.3
12912,19961031, 82.7,   .3, 62.7,  1.8, 72.7,  1.0, 65.2, 67.8,  14, 261,  -1,  38,     ,     ,    ,    ,29.84,29.99,30.24,10 ,1034,29.66,25 ,1709, 0.45,-3.01, 0.14, 16  ,     ,     ,   ,    ,    ,   ,  0 ,   , 0, 0, 0, 0, 0, 0, 0, 1, 5, 8, 2, 0, 29,350, 22, 36,350, 22,    ,  3.8,100,  8.9,   .5,  8.4
12916,19961031, 78.5,  -.9, 62.2,  3.5, 70.4,  1.3, 61.3, 65.0,  17, 189, -13,  32,     ,     ,    ,    ,30.00,30.05,30.30,27 ,1058,29.73, 7 ,1726, 2.59, -.46, 1.08, 18  ,     ,     ,   ,    ,    ,   ,  0 ,   , 0, 0, 0, 0, 0, 0, 0, 1, 3, 7, 3, 0, 28,030, 06, 35,060, 05,    ,  4.7, 60,  9.2,   .6,  6.1
12917,19961031, 79.6,  -.6, 61.2,  2.0, 70.4,   .7, 62.7, 65.6,  24, 199,  -2,  27,     ,     ,    ,    ,29.95,30.02,30.28,11 ,1023,29.73,22 ,0340, 4.44, 0.15, 2.47,24-25,     ,     ,   ,    ,    ,   ,  0 ,   , 0, 0, 0, 0, 0, 0, 0, 1, 4, 6, 5, 0, 25,170,+22, 32,020, 18,    ,  3.8, 90,  9.1,   .8,  6.4
12919,19961031, 84.1, -1.2, 67.9,  1.8, 76.0,   .3, 69.6, 71.4,   1, 349,   1,  17,     ,     ,    ,    ,29.89,29.95,30.20,10 ,1123,29.68,25 ,1804,11.49, 8.69,10.53, 4-5 ,     ,     ,   ,    ,    ,   ,  0 ,   ,M ,M ,M , 0, 0, 0, 0, 0, 3, 9, 6, 0, 33,330, 22, 40,340, 22,    ,  2.7,116,  8.4,   .0, 11.3
12921,19961031, 82.0,   .3, 60.1,  1.3, 71.1, 15.8, 59.1, 63.9,  27, 220,-280, 213,     ,     ,    ,    ,29.09,29.97,30.26,18 ,1044,29.62,25 ,1739, 0.27,-2.74, 0.26,27-28,     ,     ,   ,    ,    ,   ,  0 ,   , 0, 0, 0, 1, 0, 0, 0, 0, 4,M ,M , 0, 29,350, 21, 36,350, 21,    ,  2.3, 93,  7.6,   .9,  7.1
12924,19961031, 86.2,  2.3, 66.2,  2.3, 76.2,  2.3, 65.5, 69.1,   8, 365,   8,  84,     ,     ,    ,    ,29.87,29.95,30.21,10 ,1104,29.62,25 ,1707, 0.86,-2.16, 0.32, 4-5 ,     ,     ,   ,    ,    ,   ,  0 ,   , 0, 0, 0, 9, 0, 0, 0, 0, 3, 5, 4, 0, 32,020, 22, 39,360, 22,    ,  5.4, 98, 12.1,   .3, 11.8
12959,19961031,     ,     ,     ,     ,     ,     , 65.9, 69.6,    ,    ,    ,    ,     ,     ,    ,    ,29.79,29.94,     ,   ,    ,     ,   ,    ,     ,     ,     ,     ,     ,     ,   ,    ,    ,   ,    ,   ,  ,  ,  ,  ,  ,  ,  , 1, 4,  ,  , 0, 37,360, 22, 46,360, 22,    ,  3.5,117,  9.6,   .1, 12.0
12960,19961031, 80.5, -1.1, 60.6,  3.0, 70.6,  1.0, 62.4, 65.3,  29, 205,  -2,  31,     ,     ,    ,    ,29.80,30.01,30.27,11 ,1018,29.73,25 ,1813, 2.61,-1.66, 1.17, 5   ,     ,     ,   ,    ,    ,   ,  0 ,   , 0, 0, 0, 0, 0, 0, 0, 2, 2, 9, 5, 0, 24,300, 22, 38,310, 22,    ,  3.0, 87,  6.5,   .9,  6.6
12962,19961031, 83.9,     , 60.1,     , 72.0,   .0, 59.6, 64.5,  21, 248,-255,-255,     ,     ,    ,    ,28.99,29.98,30.29,18 ,0955,29.63,25 ,1753, 0.08, 0.00, 0.06,27-28,     ,     ,   ,    ,    ,   ,  0 ,   , 0, 0, 0, 5, 0, 0, 0, 0, 1,M ,M , 0, 37,010, 22, 41,010, 22,    ,  3.7, 86,  9.1,   .7,  8.0
12971,19961031,     ,     ,     ,     ,     ,     , 59.1, 63.8,    ,    ,    ,    ,     ,     ,    ,    ,29.26,29.98,     ,   ,    ,     ,   ,    ,     ,     ,     ,     ,     ,     ,   ,    ,    ,   ,    ,   ,  ,  ,  ,  ,  ,  ,  , 0, 4,  ,  , 0, 31,360, 21, 39,350, 21,    ,  2.4, 90,  9.5,  1.2,  6.8
12972,19961031, 82.6,     , 68.0,     , 75.3,   .0, 67.1, 70.0,  10, 339,-255,-255,     ,     ,    ,    ,29.90,29.98,30.23,10 ,1138,29.66,25 ,1753, 0.41, 0.00, 0.22,24-25,     ,     ,   ,    ,    ,   ,  0 ,   , 0, 0, 0, 0, 0, 0, 0, 0, 1,M ,M , 0, 37,360, 22, 43,360, 22,    ,  5.1, 88, 10.4,   .3, 10.9
13722,19961031, 72.7,  1.1, 49.3,   .9, 61.0,   .9, 51.8, 55.7, 142,  26, -47, -11,     ,     ,    ,    ,29.59,30.13,30.53, 5 ,0950,29.33, 8 ,0923, 3.52, 0.66, 2.80, 7-8 ,     ,     ,   ,    ,    ,   ,  0 ,   , 0, 0, 0, 0, 0, 0, 0, 1, 2,11, 3, 0, 29,030, 08, 40,030, 08,    ,  0.7,329,  5.6,  4.6,   .8
13723,19961031, 69.2,  -.7, 47.6,   .4, 58.4,  -.2, 49.3, 53.5, 208,  11, -18, -16,     ,     ,    ,    ,29.09,30.12,30.55, 5 ,0948,29.44, 8 ,0746, 0.14,-3.36, 0.12,27-28,     ,     ,   ,    ,    ,   ,  0 ,   , 0, 0, 0, 0, 0, 0, 0, 2, 5,M ,M , 0, 31,090, 08, 39,080, 08,    ,  1.3,264,  6.9,  6.7,   .4
13729,19961031, 64.0,   .4, 38.6,  1.4, 51.3,   .9, 42.9, 46.5, 390,   0, -68,  -6,     ,     ,    ,    ,28.00,30.13,30.56, 5 ,0844,29.60,30 ,1205, 2.65, -.43, 0.83,18-19,     ,     ,   ,T   ,    ,   ,  0 ,   , 0, 0, 0,M ,M ,M ,M , 0,14,16, 7, 0, 33,290, 18, 49,290, 18,    ,  1.1,257,  3.7, 13.5,   .0
13733,19961031, 67.8,  -.5, 44.9,  -.8, 56.4,  -.6, 48.0, 51.8, 265,   6,  -5, -16,     ,     ,    ,    ,29.06,30.06,30.59, 5 ,0953,29.49, 8 ,1359, 3.10, -.60, 1.44, 7-8 ,     ,     ,   ,    ,    ,   ,  0 ,   , 0, 0, 0, 0, 0, 0, 0, 0, 5, 7, 4, 0, 21,260,+30, 32,360, 08,    , NaNQ,NaN,  4.2,  8.6,   .2
13737,19961031, 70.1,   .6, 53.4,   .5, 61.8,   .6,     ,     , 123,  31, -41, -15,     ,     ,    ,    ,     ,     ,30.52, 5 ,1156,29.14, 8 ,1454, 4.71, 1.56, 3.50, 7-8 ,     ,     ,   ,    ,    ,   ,  0 ,   , 0, 0, 0, 0, 0, 0, 0, 1, 0, 6, 4, 0, 34,090, 08, 46,080, 08,    ,     ,   ,  8.9,  4.0,  1.0
13739,19961031, 65.1, -1.2, 47.4,  1.0, 56.3,  -.1, 47.8, 52.1, 265,   2, -18, -15,     ,     ,    ,    ,30.01,30.17,30.66, 5 ,1023,29.39, 8 ,2127, 4.20, 1.58, 2.36,18-19,     ,     ,   ,    ,    ,   ,  0 ,   , 0, 0, 0, 0, 0, 0, 0, 1, 1,11, 7, 0, 36,350, 08, 46,350, 08,    ,  2.1,281,  7.7,  8.6,   .1
13740,19961031, 69.5, -1.2, 48.3,  1.8, 58.9,   .3, 49.7, 53.9, 193,  12, -40, -22,     ,     ,    ,    ,29.85,29.97,30.60, 5 ,0846,29.33, 8 ,1322, 7.18, 3.65, 3.96, 9   ,     ,     ,   ,    ,    ,   ,  0 ,   , 0, 0, 0, 0, 0, 0, 0, 2, 1,10, 5, 0, 37,010, 08, 46,010, 08,    ,  1.1,289,  7.2,  6.2,   .4
13741,19961031, 67.9,  -.2, 48.0,  3.2, 58.0,  1.5, 47.1, 52.0, 221,  10, -62, -10,     ,     ,    ,    ,28.82,30.05,30.58, 5 ,1032,29.54, 8 ,1408, 1.58,-2.27, 0.72, 7-8 ,     ,     ,   ,    ,    ,   ,  0 ,   , 0, 0, 0, 0, 0, 0, 0, 1, 5, 9, 4, 0, 36,300, 18, 48,280, 19,    ,  2.7,287,  6.6,  7.1,   .3
13748,19961031, 75.6, -1.3, 54.3,   .6, 65.0,  -.3, 54.6, 59.0,  61,  68, -41, -43,     ,     ,    ,    ,30.00,30.04,30.41,27 ,0855,29.24, 8 ,0717, 6.06, 3.37, 4.52, 7-8 ,     ,     ,   ,    ,    ,   ,  0 ,   , 0, 0, 0, 0, 0, 0, 0, 1, 5, 5, 4, 0, 33,210, 08, 48,220, 08,    , NaNQ,NaN,  6.0,  2.0,  2.2
13781,19961031, 64.7, -1.9, 45.4,  -.3, 55.1, -1.1, 46.9, 51.3, 304,   2,  16, -13,     ,     ,    ,    ,29.94,30.17,30.65, 5 ,1113,29.41,19 ,0556, 0.24,-2.64, 0.21, 28  ,     ,     ,   ,    ,    ,   ,  0 ,   , 0, 0, 0, 0, 0, 0, 0, 0, 3,M ,M , 0, 30,010, 08, 37,350, 08,    ,  1.9,279,  7.2,  9.8,   .1
13809,19961031,     ,     ,     ,     ,     ,     , 46.2, 51.1,    ,    ,    ,    ,     ,     ,    ,    ,29.13,30.08,     ,   ,    ,     ,   ,    ,     ,     ,     ,     ,     ,     ,   ,    ,    ,   ,    ,   ,  ,  ,  ,  ,  ,  ,  , 0, 4,  ,  , 0, 36,280,+22, 46,290, 17,    ,  2.1,214,  8.1,  8.8,   .2
13837,19961031,     ,     ,     ,     ,     ,     , 51.7, 57.2,    ,    ,    ,    ,     ,     ,    ,    ,29.58,30.11,     ,   ,    ,     ,   ,    ,     ,     ,     ,     ,     ,     ,   ,    ,    ,   ,    ,   ,  ,  ,  ,  ,  ,  ,  , 0, 4,  ,  , 0, 26,030, 08, 37,010, 08,    ,  2.6,  9,  6.2,  2.7,  1.7
13838,19961031, 77.4,     , 58.2,     , 67.8,   .0, 60.0, 63.3,  40, 135,-255,-255,     ,     ,    ,    ,29.97,30.04,30.31,27 ,1112,29.65, 7 ,1556, 0.83, 0.00, 0.83, 25  ,     ,     ,   ,    ,    ,   ,  0 ,   , 0, 0, 0, 0, 0, 0, 0, 0, 3,M ,M , 0, 26,040,+18, 36,010, 07,    ,  3.7, 44,  8.4,  1.3,  4.4
13865,19961031, 76.8,  -.9, 51.5,  1.0, 64.2,   .1, 55.3, 58.8,  98,  78, -25, -17,     ,     ,    ,    ,29.72,30.07,30.34,12 ,0856,29.75,22 ,1309, 2.14, -.92, 1.39,25-26,     ,     ,   ,    ,    ,   ,  0 ,   , 0, 0, 0, 0, 0, 0, 0, 2, 5, 6, 3, 0, 28,180, 22, 33,190, 22,    ,  1.1, 59,  5.7,  3.2,  2.5
13866,19961031, 66.7, -1.5, 44.8,   .6, 55.8,  -.4, 46.9, 51.0, 278,   2, -21, -24,     ,     ,    ,    ,29.00,30.10,30.52, 4 ,0928,29.60,30 ,0646, 2.49, -.40, 0.89, 18  ,     ,     ,   ,    ,    ,   ,  0 ,   , 0, 0, 0, 0, 0, 0, 0, 0, 8,12, 5, 0, 23,200, 23, 30,200, 23,    , NaNQ,NaN,     ,     ,     
13873,19961031, 72.7,  -.9, 49.3, -1.4, 61.0, -1.2, 51.3, 55.4, 148,  34,   8, -19,     ,     ,    ,    ,29.19,30.09,30.46, 5 ,0957,29.56, 8 ,0501, 0.81,-3.18, 0.61, 7-8 ,     ,     ,   ,    ,    ,   ,  0 ,   , 0, 0, 0, 0, 0, 0, 0, 0, 4, 8, 2, 0, 30,290, 18, 36,300, 18,    ,  1.8,  5,  6.1,  4.8,  1.1
13874,19961031, 73.9,  1.2, 52.9,  1.0, 63.4,  1.1,     ,     , 104,  64, -34,  10,     ,     ,    ,    ,     ,     ,30.42,27 ,1043,29.61, 8 ,1539, 0.89,-2.16, 0.28, 7-8 ,     ,     ,   ,    ,    ,   ,  0 ,   , 0, 0, 0, 0, 0, 0, 0, 0, 3, 8, 4, 0, 26,310, 18, 32,300,+19,    ,     ,   ,  7.5,  3.4,  2.1
13877,19961031, 67.5, -1.6, 43.0, -1.2, 55.3, -1.4, 45.8, 50.1, 290,   7,  10, -16,     ,     ,    ,    ,28.46,     ,30.46, 5 ,0941,29.61, 8 ,1445, 0.97,-1.62, 0.40, 18  ,     ,     ,   ,    ,    ,   ,  0 ,   , 0, 0, 0,M ,M ,M ,M , 0,12, 8, 3, 0, 31,280, 18, 38,280, 18,    ,  0.9,278,  3.6,  9.7,   .2
13880,19961031, 76.0, -1.2, 55.6,  -.7, 65.8, -1.0, 56.8, 60.6,  54,  87, -20, -43,     ,     ,    ,    ,29.98,30.12,30.39,27 ,0947,29.23, 8 ,0509, 5.07, 2.17, 4.76, 7-8 ,     ,     ,   ,    ,    ,   ,  0 ,   , 0, 0, 0, 0, 0, 0, 0, 2, 1, 4, 3, 0, 39,210, 08, 56,210, 08,    ,  2.3, 16,  7.2,  1.8,  2.8
13882,19961031, 72.1,   .1, 48.6,  -.3, 60.4,   .0, 50.0, 54.7, 167,  29, -23, -18,     ,     ,    ,    ,29.35,30.10,30.44,12 ,1027,29.64, 8 ,1521, 1.37,-1.85, 0.50,25-26,     ,     ,   ,    ,    ,   ,  0 ,   , 0, 0, 0, 0, 0, 0, 0, 2, 6, 7, 3, 0, 26,290, 18, 30,270, 22,    ,  0.9,312,  4.0,  5.4,   .9
13883,19961031, 74.6, -1.7, 50.5,   .4, 62.6,  -.7, 51.4, 56.4, 117,  47,  -6, -27,     ,     ,    ,    ,29.81,30.12,30.46, 5 ,0841,29.35, 8 ,0443, 2.37, -.67, 2.25, 7-8 ,     ,     ,   ,    ,    ,   ,  0 ,   , 0, 0, 0, 0, 0, 0, 0, 0, 3, 6, 2, 0, 26,280, 18, 30,290,+30,    ,  1.5,348,  5.3,  3.8,  1.5
13889,19961031, 79.3,  -.9, 60.4,  1.1, 69.9,   .1,     ,     ,  19, 179, -12,   0,     ,     ,    ,    ,     ,     ,30.36,27 ,1033,29.30, 8 ,0158,11.46, 8.56, 6.32, 6-7 ,     ,     ,   ,    ,    ,   ,  0 ,   , 0, 0, 0, 0, 0, 0, 0, 1, 4, 8, 6, 0, 31,150,+08, 47,220, 08,    ,     ,   ,  7.3,   .6,  5.8
13891,19961031, 70.2,  -.4, 48.2,  2.2, 59.2,   .8, 49.3, 53.8, 196,  22, -42, -11,     ,     ,    ,    ,29.00,30.04,30.43,12 ,0900,29.62, 8 ,1542, 1.16,-1.40, 0.39, 18  ,     ,     ,   ,    ,    ,   ,  0 ,   , 0, 0, 0, 0, 0, 0, 0, 2, 5, 8, 5, 0, 36,240, 30, 40,280,+30,    ,  1.0,307,  4.9,  6.3,   .7
13894,19961031, 77.4, -2.1, 57.1,  -.2, 67.3, -1.1, 57.9, 61.7,  48, 125,  -4, -32,     ,     ,    ,    ,29.79,30.05,30.32,27 ,1129,29.69, 7 ,1610, 1.72,-1.22, 0.79, 5-6 ,     ,     ,   ,    ,    ,   ,  0 ,   , 0, 0, 0, 0, 0, 0, 0, 0, 3, 8, 4, 0, 28,010, 07, 38,020, 07,    ,  3.3, 59,  7.7,  1.6,  4.0
13895,19961031, 75.9, -2.3, 52.2, -1.1, 64.1, -1.7, 55.2, 58.8,  95,  73,   4, -43,     ,     ,    ,    ,29.83,30.07,30.36,27 ,0815,29.66, 8 ,0210, 0.63,-1.82, 0.22,22-23,     ,     ,   ,    ,    ,   ,  0 ,   , 0, 0, 0, 0, 0, 0, 0, 1, 3,10, 3, 0, 23,320, 18, 28,060,+18,    ,  2.1, 51,  5.9,  3.1,  2.4
13897,19961031, 71.4, -1.1, 50.1,  1.8, 60.8,   .4, 50.3, 55.2, 160,  35, -35, -17,     ,     ,    ,    ,29.41,30.08,30.38,12 ,0826,29.64,22 ,1623, 3.17, 0.55, 0.89,27-28,     ,     ,   ,    ,    ,   ,  0 ,   , 0, 0, 0, 0, 0, 0, 0, 3, 3, 8, 6, 0, 31,170, 22, 37,160, 22,    ,  1.6,212,  6.2,  5.2,  1.1
13932,19961031, 69.9,     , 48.4,     , 59.2, 59.2, 47.1, 52.6, 212,  37, 212,  37,     ,     ,    ,    ,28.75,29.96,30.41,10 ,1035,29.51,25 ,1703,  M  , 0.00, M   ,     ,     ,     ,   ,    ,    ,   ,  0 ,   , 0, 0, 0, 0, 0, 0, 0, 0, 0,M ,M , 0, 40,220, 29, 46,220, 29,    ,  3.0,161, 11.8,  6.8,  1.2
13935,19961031, 78.2,     , 53.7,     , 66.0,   .0,     ,     ,  71, 108,-255,-255,     ,     ,    ,    ,     ,     ,30.32,11 ,0951,29.73,22 ,0511, 5.58, 0.00, 2.59,24-25,     ,     ,   ,    ,    ,   ,  0 ,   , 0, 0, 0, 0, 0, 0, 0, 1, 5,M ,M , 0, 21,270, 22, 28,020, 17,    ,     ,   ,  4.3,  2.3,  3.5
13957,19961031, 77.2, -1.5, 54.8,   .5, 66.0,  -.5,     ,     ,  59,  96,  -4, -14,     ,     ,    ,    ,     ,     ,30.31,11 ,0923,29.65,22 ,0117, 1.66,-2.07, 1.52,21-22,     ,     ,   ,    ,    ,   ,  0 ,   , 0, 0, 0, 0, 0, 0, 0, 3, 2, 6, 2, 0, 36,020, 21, 46,020, 21,    ,     ,   ,  6.3,  1.9,  3.1
13958,19961031, 79.4, -2.7, 60.3,   .3, 69.9, -1.2, 59.5, 63.8,  33, 192,  16, -14,     ,     ,    ,    ,29.34,30.00,30.30,18 ,1017,29.65,21 ,1807, 0.49,-2.94, 0.39,27-28,     ,     ,   ,    ,    ,   ,  0 ,   , 0, 0, 0, 0, 0, 0, 0, 2, 3,M ,M , 0, 28,330, 21, 36,330, 21,    ,  1.4, 69,  7.1,  1.1,  6.2
13959,19961031, 79.4,  -.9, 55.3, -1.5, 67.4, -1.1,     ,     ,  46, 131,   8, -15,     ,     ,    ,    ,     ,     ,30.31,18 ,0938,29.62,21 ,1545, 0.89,-2.47, 0.50,27-28,     ,     ,   ,    ,    ,   ,  0 ,   , 0, 0, 0, 1, 0, 0, 0, 0, 0, 8, 4, 0, 33,320, 21, 44,330, 21,    ,     ,   ,  8.9,  1.5,  4.2
13962,19961031, 77.0,  -.9, 52.2, -2.6, 64.6, -1.8,     ,     ,  86,  80,  11, -38,     ,     ,    ,    ,     ,     ,30.35,18 ,0913,29.52,25 ,1740, 2.64, 0.13, 1.77,27-28,     ,     ,   ,    ,    ,   ,  0 ,   , 0, 0, 0, 0, 0, 0, 0, 4, 1,M ,M , 0, 34,340, 21, 40,340, 21,    ,     ,   , 10.7,  2.8,  2.6
13964,19961031, 73.8, -1.9, 50.3,  1.5, 62.1,   .1, 53.4, 56.8, 125,  38, -11, -15,     ,     ,    ,    ,29.52,30.04,30.33,11 ,0847,29.67,29 ,1505, 3.84, 0.16, 1.85,21-22,     ,     ,   ,    ,    ,   ,  0 ,   , 0, 0, 0, 0, 0, 0, 0, 2, 5, 8, 4, 0, 30,280, 22, 36,280,+29,    ,  0.7, 95,  6.6,  4.0,  1.2
13966,19961031, 75.5, -1.4, 51.7,  -.5, 63.6, -1.0,     ,     , 103,  67,  -1, -24,     ,     ,    ,    ,     ,     ,30.35,28 ,0024,29.51,25 ,1726, 1.10,-1.64, 0.55,20-21,     ,     ,   ,    ,    ,   ,  0 ,   , 0, 0, 0, 0, 0, 0, 0, 3, 3, 8, 3, 0, 40,180, 20, 52,170, 20,    ,     ,   , 11.8,  3.3,  2.2
13967,19961031, 72.5, -1.1, 49.9,  -.5, 61.2,  -.8, 50.1, 54.7, 151,  42,  14,  -2,     ,     ,    ,    ,28.62,29.94,30.37,27 ,2000,29.54,25 ,1727, 1.97,-1.26, 0.79, 31  ,     ,     ,   ,    ,    ,   ,  0 ,   , 0, 0, 0, 0, 0, 0, 0, 2, 1,M ,M , 0, 37,230, 29, 43,330,+29,    ,  2.8,157, 12.4,  4.9,  1.4
13968,19961031, 72.1, -1.7, 50.7,   .0, 61.4,  -.8, 49.1, 54.7, 152,  49,   8,  -8,     ,     ,    ,    ,29.29,30.02,30.37,27 ,2149,29.59,29 ,1426, 5.60, 1.94, 2.35,20-21,     ,     ,   ,    ,    ,   ,  0 ,   , 0, 0, 0, 0, 0, 0, 0, 1, 0,M ,M , 0, 36,250, 29, 46,240, 29,    ,  2.8,190, 10.1,  4.9,  1.6
13970,19961031, 78.2, -1.8, 57.1,   .0, 67.7,  -.9, 59.4, 62.5,  49, 135,   1, -24,     ,     ,    ,    ,29.93,29.96,30.29,27 ,1045,29.75, 7 ,1713, 0.02,-3.46, 0.02,30-31,     ,     ,   ,    ,    ,   ,  0 ,   , 0, 0, 0, 0, 0, 0, 0, 7, 1,M ,M , 0, 32,280, 22, 41,280, 22,    ,  3.2, 86,  6.1,  1.6,  4.2
13977,19961031, 75.3, -2.6, 54.3,  -.9, 64.8, -1.8, 55.1, 59.1,  76,  77,   4, -45,     ,     ,    ,    ,29.58,30.00,30.33,11 ,1023,29.66,22 ,0040, 6.12, 2.72, 5.72,21-22,     ,     ,   ,    ,    ,   ,  0 ,   , 0, 0, 0, 0, 0, 0, 0, 2, 2, 8, 3, 0, 28,260, 22, 33,250, 22,    ,  1.5,148,  6.7,  2.5,  2.5
13981,19961031,     ,     ,     ,     ,     ,     , 47.2, 51.9,    ,    ,    ,    ,     ,     ,    ,    ,28.93,30.00,     ,   ,    ,     ,   ,    ,     ,     ,     ,     ,     ,     ,   ,    ,    ,   ,    ,   ,  ,  ,  ,  ,  ,  ,  , 0, 2,  ,  , 0, 39,210, 29, 54,230, 29,    ,  3.8,184, 11.6,  8.3,   .7
13984,19961031, 67.0, -1.1, 43.9,  -.1, 55.5,  -.6, 41.4, 48.6, 312,  24,  22,  10,     ,     ,    ,    ,28.38,30.22,30.49,27 ,1051,29.17,29 ,1432, 0.48,-1.51, 0.39, 29  ,     ,     ,   ,    ,    ,   ,  0 ,   , 0, 0, 0, 0, 0, 3, 0, 2, 0, 2, 1, 0, 46,260, 29, 57,260, 29,    ,  4.0,201, 12.5, 10.1,   .8
13985,19961031, 68.2, -2.5, 44.0,  -.3, 56.1, -1.4, 41.2, 48.1, 297,  28,  44,   7,     ,     ,    ,    ,27.26,30.24,30.46,27 ,2032,29.33,26 ,0036, 1.40, 0.12, 0.54,28-29,     ,     ,   , 4.3,    , 21,  0 ,   , 0, 0, 0, 0, 0, 3, 0, 4, 4, 5, 4, 1, 44,280, 29, 54,280, 29,    ,  3.5,171, 13.9,  9.6,   .9
13986,19961031, 68.9,     , 45.2,     , 57.1, 57.1, 43.4, 49.9, 267,  29, 267,  29,     ,     ,    ,    ,28.21,30.15,30.42,27 ,0948,29.36,29 ,1513, 0.00, 0.00, M   ,     ,     ,     ,   ,    ,    ,   ,  0 ,   , 0, 0, 0, 0, 0, 4, 0, 0, 1,M ,M , 0, 45,280, 29, 54,280, 29,    ,  4.1,189, 11.9,  8.6,   .9
13989,19961031,     ,     ,     ,     ,     ,     ,     ,     ,    ,    ,    ,    ,     ,     ,    ,    ,     ,     ,     ,   ,    ,     ,   ,    ,     ,     ,     ,     ,     ,     ,   ,    ,    ,   ,    ,   ,  ,  ,  ,  ,  ,  ,  , 0, 1,  ,  , 0, 43,290, 29, 54,290, 29,    ,     ,   ,     ,     ,     
13993,19961031,     ,     ,     ,     ,     ,     , 43.1, 49.0,    ,    ,    ,    ,     ,     ,    ,    ,29.07,30.11,     ,   ,    ,     ,   ,    ,     ,     ,     ,     ,     ,     ,   ,    ,    ,   ,    ,   ,  ,  ,  ,  ,  ,  ,  , 1, 3,  ,  , 0, 41,250, 29, 56,230, 29,    ,  2.2,224, 10.1, 10.2,   .6
13994,19961031, 68.4,  -.1, 47.7,  -.6, 58.1,  -.3, 47.0, 52.5, 235,  25,  -2,  -8,     ,     ,    ,    ,29.41,30.06,30.47, 3 ,0852,29.37,22 ,1245, 2.67, -.01, 0.92,22-23,     ,     ,   ,    ,    ,   ,  0 ,   , 0, 0, 0, 0, 0, 0, 0, 3, 1, 8, 6, 0, 41,180, 22, 47,190,+29,    ,  3.3,215,  9.3,  7.6,   .8
13995,19961031, 68.3, -1.5, 45.7,  -.2, 57.0,  -.8, 48.0, 52.1, 252,  10,   3, -16,     ,     ,    ,    ,28.65,30.00,30.38, 3 ,0902,29.53,22 ,0947, 5.10, 1.52, 2.76,27-28,     ,     ,   ,    ,    ,   ,  0 ,   , 0, 0, 0, 0, 0, 2, 0, 3, 1,12, 4, 0, 28,180, 29, 33,280, 29,    ,  3.5,177,  9.7,  8.1,   .3
13996,19961031, 66.9, -2.1, 45.4,  1.8, 56.2,  -.1, 44.8, 50.5, 294,  28,  11,  15,     ,     ,    ,    ,29.02,30.03,30.48, 3 ,0840,29.30,29 ,1652, 0.29,-2.77, 0.26, 29  ,     ,     ,   ,    ,    ,   ,  0 ,   , 0, 0, 0, 0, 0, 2, 0, 4, 1,M ,M , 1, 37,220, 29, 52,230, 29,    ,  2.4,194,  9.3,  9.5,   .9
14607,19961031, 51.1,  -.9, 33.3, -1.1, 42.2, -1.0, 34.3, 38.8, 702,   0,  26,   0,     ,     ,    ,    ,29.28,30.10,30.67, 5 ,0923,29.46,31 ,0602, 3.41, 0.31, 0.80, 28  ,     ,     ,   , 0.8,    , 30,  0 ,   , 0, 0, 0, 0, 0,16, 0, 1, 3,13, 7, 0, 40,300, 15, 52,300, 15,    ,  3.8,292,  8.5, 22.7,   .0
14610,19961031,     ,     ,     ,     ,     ,     , 35.1, 40.1,    ,    ,    ,    ,     ,     ,    ,    ,29.55,30.02,     ,   ,    ,     ,   ,    ,     ,     ,     ,     ,     ,     ,   ,    ,    ,   ,    ,   ,  ,  ,  ,  ,  ,  ,  , 0, 3,  ,  , 0, 36,310, 15, 44,310, 15,    ,  3.2,318,  6.5, 20.6,   .0
14732,19961031, 64.4,   .3, 51.4,   .8, 57.9,   .5, 46.4, 52.3, 217,   6, -35, -11,     ,     ,    ,    ,29.99,29.99,30.68, 5 ,1109,29.31, 8 ,2247, 5.94, 2.92, 3.62, 19  ,     ,     ,   ,    ,    ,   ,  0 ,   , 0, 0, 0, 0, 0, 0, 0, 0, 1, 5, 3, 0, 38,090, 19, 46,080, 19,    ,  2.0,297, 10.4,  7.0,   .2
14733,19961031, 59.7,   .3, 43.7,  1.0, 51.7,   .6,     ,     , 406,   2, -25,   2,     ,     ,    ,    ,     ,     ,30.62, 4 ,1038,29.28,30 ,1031, 4.22, 1.13, 1.54,18-19,     ,     ,   ,    ,    ,   ,  0 ,   , 0, 0, 0, 0, 0, 0, 0, 1, 2,13, 9, 0, 46,240, 30, 60,240, 30,    ,     ,   ,  9.9, 13.1,   .1
14734,19961031, 63.9, -2.8, 47.0, -1.2, 55.5, -2.0,     ,     , 291,   2,  39, -18,     ,     ,    ,    ,     ,     ,30.68, 5 ,0930,29.34, 8 ,2256, 6.92, 3.87, 4.04, 19  ,     ,     ,   ,    ,    ,   ,  0 ,   , 0, 0, 0, 0, 0, 0, 0, 0, 0,12, 5, 0, 37,020, 08, 47,030, 08,    ,     ,   ,  9.1,  9.4,   .1
14735,19961031, 59.8, -2.0, 38.3,  -.3, 49.1, -1.1, 43.3, 46.6, 488,   0,  29,   0,     ,     ,    ,    ,29.73,30.09,30.74, 5 ,0932,29.49,30 ,1558, 2.03, -.80, 0.78,19-20,     ,     ,   ,    ,    ,   ,  0 ,   , 0, 0, 0, 0, 0, 8, 0, 0, 6,14, 4, 0, 31,290, 03, 40,280, 03,    ,  2.0,287,  7.2, 15.8,   .0
14737,19961031, 62.7, -1.1, 41.4, -1.1, 52.1, -1.1, 42.6, 47.7, 394,   0,  21,  -7,     ,     ,    ,    ,29.60,30.16,30.68, 5 ,0946,29.43,19 ,1128, 6.24, 3.30, 3.67, 19  ,     ,     ,   ,    ,    ,   ,  0 ,   , 0, 0, 0, 0, 0, 4, 0, 1, 2,M ,M , 0, 26,100,+19, 37,090, 18,    ,  1.3,298,  6.3, 12.7,   .0
14739,19961031, 60.6, -2.1, 45.8, -1.1, 53.2, -1.6, 41.0, 47.8, 358,   0,  37,  -5,     ,     ,    ,    ,29.94,30.01,30.70, 5 ,1202,29.19, 9 ,0224, 8.37, 5.07, 6.63,20-21,     ,     ,   ,    ,    ,   ,  0 ,   , 0, 0, 0, 0, 0, 0, 0, 0, 0,M ,M , 0, 47,040, 09, 59,040, 09,    ,  2.1,303, 11.2, 11.6,   .0
14740,19961031, 62.0, -1.7, 40.2,  -.5, 51.1, -1.1, 42.2, 47.0, 424,   0,  27,   0,     ,     ,    ,    ,29.82,30.05,30.71, 5 ,0829,29.31, 9 ,0013, 5.25, 1.68, 2.43,19-20,     ,     ,   ,    ,    ,   ,  0 ,   , 0, 0, 0, 0, 0, 5, 0, 0, 3,13, 7, 0, 36,010, 08, 44,030, 08,    ,  2.0,315,  7.2, 13.7,   .0
14742,19961031, 56.6,  -.4, 38.1,  -.5, 47.4,  -.4, 37.7, 43.3, 542,   0,   9,   0,     ,     ,    ,    ,29.65,30.02,30.71, 5 ,0955,29.44,30 ,1440, 3.64, 0.76, 1.42,20-21,     ,     ,   ,T   ,    , 30,  0 ,   , 0, 0, 0, 0, 0, 8, 0, 0, 1,10, 7, 0, 30,190,+14, 38,290, 14,    ,  1.7,244,  8.4, 17.5,   .0
14745,19961031, 58.3, -2.4, 34.3,  -.6, 46.3, -1.5, 36.6, 42.3, 572,   0,  39,   0,     ,     ,    ,    ,29.63,30.09,30.73, 5 ,0842,29.39, 9 ,0255, 8.12, 4.89, 4.87,20-21,     ,     ,   ,    ,    ,   ,  0 ,   , 0, 0, 0, 0, 0,13, 0, 0,12,14, 8, 0, 34,070, 20, 41,060, 20,    ,  2.4,352,  6.5, 18.5,   .0
14764,19961031, 56.7, -2.0, 36.9, -1.4, 46.8, -1.7, 38.6, 43.8, 556,   0,  44,   0,     ,     ,    ,    ,29.95,30.09,30.72, 5 ,0947,29.32, 9 ,0457,14.76,10.86,11.22,20-21,     ,     ,   , 8.5,    ,   ,  0 ,   , 0, 0, 0, 0, 0, 9, 0, 0, 5,13,10, 0, 34,010,+21, 46,020, 09,    ,  1.9,326,  8.0, 17.9,   .0
14765,19961031, 62.1, -2.0, 42.1,  -.9, 52.1, -1.5, 41.5, 47.5, 389,   0,  30,  -6,     ,     ,    ,    ,29.94,30.10,30.69, 5 ,1149,29.13, 9 ,0202, 6.22, 2.53, 3.06,19-20,     ,     ,   ,    ,    ,   ,  0 ,   , 0, 0, 0, 0, 0, 0, 0, 0, 3,13, 6, 0, 40,060, 08, 47,050, 08,    ,  1.6,309,  7.9, 12.6,   .0
14768,19961031, 60.8,   .3, 41.5,  -.1, 51.2,   .1, 43.0, 47.0, 421,   0, -14,   0,     ,     ,    ,    ,29.40,30.05,30.65, 5 ,0927,29.31,30 ,1127, 5.40, 2.96, 2.85, 19  ,     ,     ,   ,    ,    ,   ,  0 ,   , 0, 0, 0, 0, 0, 3, 0, 0, 2,16, 9, 0, 43,250, 30, 52,240, 30,    ,  2.6,258,  8.9, 13.6,   .0
14771,19961031, 60.7,   .4, 40.6,  -.5, 50.7,   .0, 41.7, 46.3, 438,   0,  -5,   0,     ,     ,    ,    ,29.52,30.07,30.67, 5 ,0850,29.37,30 ,1351, 2.14,-1.10, 0.72,19-20,     ,     ,   ,T   ,    , 31,  0 ,   , 0, 0, 0, 0, 0, 4, 0, 0, 1,15, 9, 0, 36,250, 30, 43,260, 30,    ,  1.0,253,  8.1, 14.1,   .0
14777,19961031, 60.7,  -.3, 40.8, -1.3, 50.8,  -.7, 41.8, 46.5, 432,   0,   9,   0,     ,     ,    ,    ,29.01,30.07,30.65, 5 ,0905,29.43,19 ,1457, 4.40, 1.61, 3.09,19-20,     ,     ,   ,    ,    ,   ,  0 ,   , 0, 0, 0, 0, 0, 5, 0, 0, 0,12, 5, 0, 26,310, 03, 34,120,+28,    ,  1.3,286,  6.7, 13.9,   .0
14778,19961031, 62.2,  -.2, 41.4,  -.2, 51.8,  -.2, 42.7, 46.6, 117,   0,-291,   0,     ,     ,    ,    ,29.44,30.07,30.41,26 ,0936,29.39,30 ,1352, 0.44,-2.86, 0.22, 23  ,     ,     ,   ,    ,    ,   ,  0 ,   , 0, 0, 0,M ,M ,M ,M , 1, 7,M ,M , 0, 34,160, 30, 44,160, 30,    ,  1.3,273,     ,     ,     
14787,19961031,     ,     ,     ,     ,     ,     , 43.6, 48.6,    ,    ,    ,    ,     ,     ,    ,    ,29.82,30.10,     ,   ,    ,     ,   ,    ,     ,     ,     ,     ,     ,     ,   ,    ,    ,   ,    ,   ,  ,  ,  ,  ,  ,  ,  , 0, 2,  ,  , 0, 37,080, 20, 53,090, 20,    ,  0.9,313,  8.1, 13.0,   .0
14820,19961031, 62.5,   .4, 45.5,  2.0, 54.0,  1.2, 48.2, 51.0, 333,   1, -54,  -7,     ,     ,    ,    ,29.18,30.07,30.60, 4 ,1031,29.37,30 ,0703, 4.65, 2.11, 2.07,18-19,     ,     ,   ,    ,    ,   ,  0 ,   , 0, 0, 0, 0, 0, 1, 0, 1, 0,11, 9, 0, 46,240, 30, 57,260, 30,    ,  3.5,224, 10.5, 10.8,   .0
14821,19961031, 65.4,   .9, 44.5,  1.6, 55.0,  1.3, 44.3, 49.7, 307,   2, -54,  -9,     ,     ,    ,    ,29.14,30.06,30.55, 4 ,1048,29.41,30 ,0345, 0.42,-1.73, 0.21,22-23,     ,     ,   ,    ,    ,   ,  0 ,   , 0, 0, 0, 0, 0, 0, 0, 0, 4,M ,M , 0, 40,240, 30, 51,230, 30,    ,  2.3,238,  8.2,  9.9,   .1
14826,19961031, 60.2,   .5, 40.0,  -.5, 50.1,   .0, 42.2, 46.2, 457,   1, -11,  -5,     ,     ,    ,    ,29.15,29.91,30.61, 4 ,1013,29.15,30 ,0651, 2.79, 0.61, 1.00,29-30,     ,     ,   ,T   ,    ,   ,  0 ,   , 0, 0, 0, 0, 0, 6, 0, 3, 1,10, 5, 0, 39,250, 30, 49,260, 30,    ,  2.9,246,  9.4, 14.8,   .0
14827,19961031, 64.5,  1.4, 41.8,  -.7, 53.2,   .3, 43.9, 48.3, 360,   1, -28, -12,     ,     ,    ,    ,29.16,30.11,30.58, 4 ,1033,29.34,30 ,0304, 2.00, -.48, 0.80,17-18,     ,     ,   ,    ,    ,   ,  0 ,   , 0, 0, 0, 0, 0, 3, 0, 3, 1, 9, 6, 0, 44,270, 30, 59,270, 30,    ,  3.3,239,  9.1, 11.6,   .0
14829,19961031,     ,     ,     ,     ,     ,     , 43.2, 47.5,    ,    ,    ,    ,     ,     ,    ,    ,29.11,30.07,     ,   ,    ,     ,   ,    ,     ,     ,     ,     ,     ,     ,   ,    ,    ,   ,    ,   ,  ,  ,  ,  ,  ,  ,  , 0, 2,  ,  , 0, 43,260,+30, 54,230, 30,    ,  3.4,221,  9.5, 12.9,   .0
14836,19961031, 60.1,   .7, 39.1,  -.1, 49.6,   .3, 41.9, 46.0, 472,   0, -15,   0,     ,     ,    ,    ,29.08,30.12,30.62, 4 ,0915,29.15,30 ,0420, 2.73, 0.63, 1.02,29-30,     ,     ,   ,    ,    ,   ,  0 ,   , 0, 0, 0, 0, 0, 7, 0, 4, 1,11, 6, 0, 40,260, 30, 57,240, 30,    ,  3.2,229,  9.5, 15.2,   .0
14837,19961031, 59.7,  -.2, 37.2,  -.5, 48.5,  -.4, 39.6, 44.7, 505,   0,   6,   0,     ,     ,    ,    ,29.02,30.17,30.59, 3 ,0935,28.99,30 ,0126, 3.14, 0.97, 1.37,29-30,     ,     ,   ,    ,    ,   ,  0 ,   , 0, 0, 0, 0, 0,12, 0, 4, 0, 9, 5, 0, 30,270, 30, 40,290, 30,    ,  2.9,199,  8.4, 16.3,   .0
14839,19961031, 61.1,  2.4, 43.4,  1.6, 52.3,  2.0, 41.8, 47.5, 398,   7, -58,   7,     ,     ,    ,    ,29.24,30.13,30.57, 3 ,0942,29.02,30 ,0214, 3.00, 0.59, 1.40,29-30,     ,     ,   ,    ,    ,   ,  0 ,   , 0, 0, 0, 0, 0, 2, 0, 2, 1, 9, 5, 0, 43,240, 30, 48,260, 30,    ,  2.6,219, 10.7, 12.8,   .2
14840,19961031, 58.7,  -.3, 39.6, -1.9, 49.2, -1.1, 42.1, 46.1, 483,   0,  27,   0,     ,     ,    ,    ,29.30,30.11,30.60, 4 ,0821,29.07,30 ,0357, 3.64, 0.84, 1.40,17-18,     ,     ,   ,    ,    ,   ,  0 ,   , 0, 0, 0, 0, 0, 6, 0, 3, 0, 9, 5, 0, 40,220, 30, 51,240, 30,    ,  2.8,222, 10.4, 15.6,   .0
14842,19961031, 65.1,   .3, 42.8,  -.3, 54.0,   .0, 43.1, 48.7, 338,   5, -18, -10,     ,     ,    ,    ,29.28,30.12,30.53, 3 ,0923,29.23,29 ,2248, 2.51, -.14, 1.04, 17  ,     ,     ,   ,    ,    ,   ,  0 ,   , 0, 0, 0, 0, 0, 3, 0, 2, 2, 8, 5, 0, 44,270, 30, 60,230, 29,    ,  3.6,206,  8.8, 10.9,   .2
14848,19961031, 62.5,   .2, 42.3,  -.5, 52.4,  -.2, 42.3, 47.5, 383,   0, -12, -10,     ,     ,    ,    ,29.16,30.10,30.58, 4 ,1008,29.23,30 ,0317, 3.29, 0.21, 2.16,17-18,     ,     ,   ,    ,    ,   ,  0 ,   , 0, 0, 0, 0, 0, 4, 0, 2, 1, 9, 5, 0, 40,240, 29, 49,260, 30,    ,  2.8,197,     ,     ,     
14852,19961031, 60.6,  -.3, 40.9,  -.6, 50.8,  -.4, 43.3, 47.2, 434,   0,  -1,  -7,     ,     ,    ,    ,28.75,30.06,30.60, 4 ,1022,29.40,30 ,0704, 3.66, 1.04, 1.21,18-19,     ,     ,   ,    ,    ,   ,  0 ,   , 0, 0, 0, 0, 0, 2, 0, 2, 2,M ,M , 0, 36,240, 30, 48,240, 30,    ,  2.6,223,  8.5, 14.0,   .0
14860,19961031, 61.4,   .4, 45.6,   .0, 53.5,   .2, 46.9, 50.2, 353,   3, -17,  -4,     ,     ,    ,    ,29.20,30.05,30.60, 4 ,1038,29.34,30 ,0944, 3.29, -.48, 1.55,18-19,     ,     ,   ,    ,    ,   ,  0 ,   , 0, 0, 0, 0, 0, 0, 0, 1, 0,M ,M , 0, 34,250, 30, 52,270, 30,    ,  3.1,206, 10.3, 11.4,   .1
14891,19961031, 61.9,  -.4, 41.8, -1.3, 51.9,  -.8, 45.8, 48.8, 402,   0,   6, -15,     ,     ,    ,    ,28.63,30.10,30.58, 4 ,1043,29.35,30 ,0211, 0.00,-2.34, 0.00,     ,     ,     ,   ,    ,    ,   ,  0 ,   , 0, 0, 0, 0, 0, 3, 0, 0, 3,M ,M , 0, 39,230, 30, 49,240, 30,    ,  4.2,230, 10.1, 13.0,   .0
14895,19961031, 61.5,  -.6, 42.5,  -.2, 52.0,  -.4, 45.4, 48.7, 395,   0,  -4,  -8,     ,     ,    ,    ,28.71,30.09,30.59, 4 ,0955,29.38,30 ,0428, 0.00,-2.35, 0.00,     ,     ,     ,   ,    ,    ,   ,  0 ,   , 0, 0, 0, 0, 0, 1, 0, 1, 2,M ,M , 0, 43,240, 30, 54,240, 30,    ,  3.5,232,  8.8, 12.8,   .0
14898,19961031, 58.4,  1.0, 34.9, -3.6, 46.7, -1.3, 40.1, 44.1, 561,   0,  34,   0,     ,     ,    ,    ,29.21,30.18,30.20,28 ,0721,28.95,30 ,0249, 2.93, 0.70, 1.02,29-30,     ,     ,   ,T   ,    , 31,  0 ,   , 0, 0, 0, 0, 0,15, 0, 3, 2, 9, 6, 0, 40,300, 30, 49,300, 30,    ,  2.4,221,     , 18.2,   .0
14910,19961031,     ,     ,     ,     ,     ,     ,     ,     ,    ,    ,    ,    ,     ,     ,    ,    ,     ,     ,     ,   ,    ,     ,   ,    ,     ,     ,     ,     ,     ,     ,   ,    ,    ,   ,    ,   ,  ,  ,  ,  ,  ,  ,  , 0, 1,  ,  , 0, 47,320, 30, 59,310, 30,    ,     ,   , 13.2, 19.3,   .0
14913,19961031, 52.4,   .1, 34.8,  -.3, 43.6,  -.1, 34.6, 39.9, 656,   0,  -4,   0,     ,     ,    ,    ,28.34,29.96,30.58, 3 ,0827,28.96,29 ,2319, 3.08, 0.59, 1.08,16-17,     ,     ,   ,    ,    ,   ,  0 ,   , 0, 0, 0, 0, 1,12, 0, 2, 3,13, 5, 0, 46,320, 30, 56,310, 30,    ,  2.0,277, 12.1, 21.2,   .0
14914,19961031, 56.3,  -.4, 34.3,  -.3, 45.3,  -.4, 33.7, 40.2, 604,   0,   6,   0,     ,     ,    ,    ,28.91,29.97,30.58, 2 ,1237,29.21,29 ,1849, 0.47,-1.21, 0.22,17-18,     ,     ,   ,    ,    ,   ,  0 ,   , 0, 0, 0, 0, 2,16, 0, 2, 0,M ,M , 0, 49,330, 29, 61,330, 29,    ,  2.0,271, 13.6, 19.5,   .0
14922,19961031, 59.4,   .6, 38.2,  -.6, 48.8,   .0, 38.1, 44.3, 500,   4,  -2,   4,     ,     ,    ,    ,29.00,30.12,30.60, 3 ,0942,28.90,29 ,2154, 3.01, 0.82, 1.24,16-17,     ,     ,   ,T   ,    , 22,  0 ,   , 0, 0, 0, 0, 1, 9, 0, 4, 0, 8, 6, 0, 43,310, 30, 57,300, 30,    ,  1.6,197, 11.2, 16.1,   .1
14923,19961031, 64.4,   .2, 42.4,   .6, 53.4,   .4, 42.6, 48.1, 356,   6, -28,  -6,     ,     ,    ,    ,29.33,30.15,30.56, 3 ,0958,29.12,29 ,2247, 1.77,-1.16, 0.74, 22  ,     ,     ,   ,    ,    ,   ,  0 ,   , 0, 0, 0, 0, 0, 4, 0, 3, 0, 6, 3, 0, 40,250,+30, 55,260, 29,    ,  2.3,212,  9.0, 11.5,   .2
14925,19961031, 58.5,   .3, 37.0,  -.6, 47.8,  -.1, 37.7, 42.9, 528,   0,  -2,   0,     ,     ,    ,    ,28.52,30.13,30.61, 3 ,0926,28.93,29 ,2153, 2.86, 0.54, 1.19,22-23,     ,     ,   ,T   ,    , 31,  0 ,   , 0, 0, 0, 0, 1,10, 0, 4, 1,10, 6, 0, 47,300, 30, 59,320, 30,    ,  3.3,228, 12.9, 17.0,   .0
14926,19961031, 57.3,  -.1, 34.0,  -.4, 45.7,  -.2, 34.8, 41.0, 593,   2,   1,   2,     ,     ,    ,    ,28.78,30.05,30.63, 3 ,0853,28.94,29 ,2014, 2.93, 0.72, 1.34,16-17,     ,     ,   ,T   ,    , 31,  0 ,   , 0, 0, 0, 0, 1,14, 0, 2, 0,10, 5, 0, 41,310, 30, 54,320, 30,    ,  2.1,259, 10.8, 19.1,   .1
14927,19961031, 59.7,     , 39.1,     , 49.4,   .0, 40.3, 44.9, 477,   4,-255,-255,     ,     ,    ,    ,29.14,30.13,30.59, 3 ,0938,28.88,29 ,2203, 3.51, 0.00, 1.43,16-17,     ,     ,   ,    ,    ,   ,  0 ,   , 0, 0, 0, 0, 0, 5, 0, 1, 3, 8, 6, 0, 44,290, 30, 55,290, 30,    ,  2.3,235, 10.7, 15.4,   .1
14929,19961031, 57.5, -2.9, 32.9, -1.3, 45.2, -2.1, 36.2, 41.2, 606,   1,  57,   1,     ,     ,    ,    ,28.50,30.08,30.62, 2 ,1239,29.07,29 ,1329, 3.55, 2.42, 1.68, 29  ,     ,     ,   ,    ,    ,   ,  0 ,   , 0, 0, 0, 0, 1,15, 0, 2, 2, 5, 4, 0, 49,330, 29, 60,330, 29,    ,  1.3,323, 12.1, 19.6,   .0
14933,19961031, 63.5,  -.8, 43.2,   .5, 53.4,  -.1, 42.3, 47.8, 364,  10,  -8,  -5,     ,     ,    ,    ,28.93,30.07,30.56, 3 ,0922,29.05,29 ,1901, 2.87, 0.25, 1.86,22-23,     ,     ,   ,    ,    ,   ,  0 ,   , 0, 0, 0, 0, 0, 2, 0, 2, 0, 5, 2, 0, 46,290, 30, 57,280, 29,    ,  2.4,222, 11.6, 11.8,   .3
14935,19961031, 65.4,  -.1, 39.8,   .6, 52.6,   .2, 38.2, 45.7, 394,  18,  -1,  18,     ,     ,    ,    ,27.98,30.26,30.54,27 ,1023,29.01,29 ,1354, 0.35, 0.00, 0.27, 9   ,     ,     ,   ,    ,    ,   ,  0 ,   , 0, 0, 0, 0, 0, 8, 0, 1, 0,M ,M , 0, 51,330, 29, 61,340, 29,    ,  2.9,241, 12.7, 12.7,   .6
14937,19961031, 64.4,     , 40.8,     , 52.6,   .0, 43.1, 48.1, 365,   1,   0,   0,     ,     ,    ,    ,29.23,30.17,30.58, 3 ,0924,29.10,29 ,2146, 0.00, 0.00, 0.00,     ,     ,     ,   ,    ,    ,   ,  0 ,   , 0, 0, 0, 0, 0, 5, 0, 0, 2,M ,M , 0, 37,300, 30, 52,180, 29,    ,  1.3,227,  7.7, 12.2,   .0
14939,19961031, 66.1,  -.6, 42.0,  1.5, 54.1,   .5, 41.2, 47.9, 346,  18, -16,  10,     ,     ,    ,    ,28.68,30.11,30.52, 3 ,0815,29.05,29 ,1557, 0.45,-1.67, 0.28, 29  ,     ,     ,   ,    ,    ,   ,  0 ,   , 0, 0, 0, 0, 0, 5, 0, 3, 0, 3, 2, 0, 47,300, 29, 57,310, 29,    ,  2.3,230, 12.0, 11.2,   .6
14941,19961031, 64.0,  -.1, 38.1,  -.5, 51.1,  -.3, 38.0, 44.9, 434,  10,   8,  10,     ,     ,    ,    ,28.27,30.20,30.53, 3 ,0757,28.97,29 ,1333, 0.26,-1.34, 0.19, 29  ,     ,     ,   ,    ,    ,   ,  0 ,   , 0, 0, 0, 0, 0, 9, 0, 1, 1, 3, 1, 0, 46,180, 26, 56,170, 26,    ,  2.6,240, 12.5, 14.0,   .3
14942,19961031, 65.6,   .0, 42.4,  1.2, 54.0,   .6, 41.0, 47.6, 347,  14, -25,   2,     ,     ,    ,    ,28.89,30.02,30.54, 3 ,0729,29.01,29 ,1646, 1.64, -.64, 1.17,22-23,     ,     ,   ,    ,    ,   ,  0 ,   , 0, 0, 0, 0, 0, 4, 0, 1, 0, 4, 3, 0, 45,310, 29, 55,300, 29,    ,  2.6,188,     ,     ,     
14943,19961031, 64.6,   .6, 37.9, -1.7, 51.3, -4.0, 37.0, 44.4, 409,   7, 102,   0,     ,     ,    ,    ,28.76,30.03,30.57, 3 ,0835,29.01,29 ,1441, 0.86,-2.15, 0.43,16-17,     ,     ,   ,    ,    ,   ,  0 ,   , 0, 0, 0,M ,M ,M ,M , 3, 1, 4, 2, 0, 51,320, 29, 61,320, 29,    ,  1.2,268, 11.7, 13.6,   .2
14944,19961031, 60.2, -1.0, 35.2,  -.8, 47.7,  -.9, 37.3, 42.8, 535,   4,  27,   4,     ,     ,    ,    ,28.37,30.09,30.55, 3 ,0751,28.93,29 ,1431, 0.00,-1.78, M   ,     ,     ,     ,   ,    ,    ,   ,  0 ,   , 0, 0, 0, 0, 1,14, 0, 4, 0,M ,M , 0, 48,310, 29, 61,300, 29,    ,  1.9,248, 12.0, 17.3,   .1
14946,19961031,     ,     ,     ,     ,     ,     , 34.2, 40.2,    ,    ,    ,    ,     ,     ,    ,    ,28.02,29.95,     ,   ,    ,     ,   ,    ,     ,     ,     ,     ,     ,     ,   ,    ,    ,   ,    ,   ,  ,  ,  ,  ,  ,  ,  , 0, 1,  ,  , 0, 48,310, 29, 59,300, 29,    ,  1.7,253, 13.0, 19.6,   .1
14972,19961031,     ,     ,     ,     ,     ,     , 37.6, 43.1,    ,    ,    ,    ,     ,     ,    ,    ,28.49,30.06,     ,   ,    ,     ,   ,    ,     ,     ,     ,     ,     ,     ,   ,    ,    ,   ,    ,   ,  ,  ,  ,  ,  ,  ,  , 0, 0,  ,  , 0, 51,300, 29, 60,300, 29,    ,  2.6,231, 13.2, 16.4,   .2
14990,19961031,     ,     ,     ,     ,     ,     , 41.7, 46.6,    ,    ,    ,    ,     ,     ,    ,    ,29.03,30.11,     ,   ,    ,     ,   ,    ,     ,     ,     ,     ,     ,     ,   ,    ,    ,   ,    ,   ,  ,  ,  ,  ,  ,  ,  , 5, 1,  ,  , 0, 45,290, 30, 54,290, 30,    ,  2.1,220, 10.6, 13.4,   .1
22010,19961031, 81.8,   .1, 59.9,   .2, 70.9,   .2, 56.9, 61.8,  18, 200,  -1,   4,     ,     ,    ,    ,28.85,29.96,30.31,18 ,1002,29.56,25 ,1848, 0.91,-1.33, 0.59,27-28,     ,     ,   ,    ,    ,   ,  0 ,   , 0, 0, 0,M ,M ,M ,M , 0, 1, 5, 2, 0, 33,360, 21, 44,350, 21,    ,  3.9,115,  8.1,   .6,  6.7
23007,19961031,     ,     ,     ,     ,     ,     , 48.7, 54.1,    ,    ,    ,    ,     ,     ,    ,    ,27.90,30.02,     ,   ,    ,     ,   ,    ,     ,     ,     ,     ,     ,     ,   ,    ,    ,   ,    ,   ,  ,  ,  ,  ,  ,  ,  , 0, 1,  ,  , 0, 40,010, 07, 48,010, 07,    ,  2.5,160, 10.9,  5.0,  1.7
23009,19961031, 76.3, -1.0, 45.8, -1.3, 61.1, -1.1, 39.3, 49.5, 182,  66,  60,  31,     ,     ,    ,    ,26.24,29.97,30.38,27 ,2209,29.35,25 ,1726, 0.22, -.83, 0.21, 21  ,     ,     ,   , 0.1,    , 21,  0 ,   , 0, 0, 0, 4, 0, 4, 0, 0, 0, 2, 1, 0, 33,190, 25, 41,330, 20,    ,  1.3,206,  8.5,  5.9,  2.1
23023,19961031, 79.0,  1.7, 49.1, -1.5, 64.1,   .1, 46.2, 54.0, 101,  77,  -5,   2,     ,     ,    ,    ,27.02,29.98,30.59,18 ,0909,29.47,25 ,1644, 0.20,-1.54, 0.10, 21  ,     ,     ,   ,    ,    ,   ,  0 ,   , 0, 0, 0, 1, 0, 1, 0, 0, 2, 2, 0, 0, 31,350, 21, 38,340, 21,    ,  4.0,161, 10.4,  3.3,  2.5
23034,19961031, 78.7,  -.1, 51.5, -2.1, 65.1, -1.1, 51.0, 57.2,  74,  82,   3, -26,     ,     ,    ,    ,27.98,29.99,30.36,18 ,0916,29.56,25 ,1807, 2.44, 0.04, 2.19,27-28,     ,     ,   ,    ,    ,   ,  0 ,   , 0, 0, 0, 0, 0, 0, 0, 4, 3, 8, 2, 0, 32,340, 21, 38,360, 21,    ,  2.7,180,  8.1,  2.4,  2.7
23042,19961031, 75.3,   .6, 45.9, -2.2, 60.6,  -.8, 40.8, 50.0, 188,  58,  34,  16,     ,     ,    ,    ,26.63,30.00,30.39,27 ,2348,29.42,25 ,1847, 0.33,-1.53, 0.26, 21  ,     ,     ,   ,    ,    ,   ,  0 ,   , 0, 0, 0, 2, 0, 3, 0, 1, 3, 4, 1, 0, 39,240, 29, 49,240, 29,    ,  3.3,178, 11.5,  6.1,  1.9
23044,19961031,   .0,-78.4,   .0,-49.6,   .0,   .0,     ,     ,   0,   0,   0,   0,     ,     ,    ,    ,     ,     ,  .00, 0 ,0000,  .00, 0 ,0000,  M  , 0.00, M   ,     ,     ,     ,   ,    ,    ,   ,  0 ,   , 0, 0, 0,M ,M ,M ,M , 0, 0,M ,M , 0, 40,250, 25, 47,250, 25,    ,     ,   ,  8.6,  3.3,  4.0
23047,19961031, 71.6,  -.9, 43.6,  -.9, 57.6,  -.9, 40.2, 48.2, 251,  27,  25,   2,     ,     ,    ,    ,26.27,29.94,30.45,27 ,2256,29.38,25 ,1859, 0.85, -.52, 0.56,28-29,     ,     ,   , 1.5,    , 21,  0 ,   ,20, 3, 8, 0, 0, 4, 0, 1, 2, 5, 2, 1, 40,270, 25, 61,230, 25,    ,  4.9,218, 13.6,  8.1,   .9
23050,19961031, 67.5, -3.5, 44.3,  1.3, 55.9, -1.1, 34.3, 45.1, 297,  21,  38,  10,     ,     ,    ,    ,24.71,29.98,30.36,22 ,0839,29.29,25 ,1550, 1.52, 0.63, 0.69, 4   ,     ,     ,   ,    ,    ,   ,  0 ,   , 0, 0, 0, 0, 0, 5, 0, 2, 2, 6, 4, 1, 48,260, 25, 55,260, 25,    ,  0.9, 48,  8.2,  9.6,   .7
23051,19961031, 67.2, -1.5, 39.4, -1.4, 53.3, -1.5, 32.2, 42.9, 365,  11,  40,   2,     ,     ,    ,    ,24.99,30.11,30.45,27 ,1942,29.28,25 ,2122, 0.33, -.57, 0.13, 28  ,     ,     ,   ,    ,    ,   ,  0 ,   , 0, 0, 0, 0, 0, 8, 0, 0, 2, 3, 2, 0, 39,230, 29, 48,230, 29,    ,  4.6,236, 12.4, 11.8,   .4
23061,19961031, 59.0, -3.5, 21.3, -3.3, 40.2, -3.3, 22.3, 33.5, 762,   0,  95,   0,     ,     ,    ,    ,22.76,30.16,30.59,27 ,2105,29.36,25 ,2310, 0.86, 0.16, 0.51,26-27,     ,     ,   ,11.5,    , 26,  0 ,   , 0, 0, 0, 0, 2,29, 1, 0, 4, 6, 4, 1, 43,250, 16, 48,250, 16,    ,  1.4,218,  6.4, 24.6,   .0
23065,19961031, 67.1,   .6, 36.4, -1.2, 51.8,  -.3, 35.8, 43.8, 419,  15,  19,  15,     ,     ,    ,    ,26.19,30.24,30.54,27 ,0842,29.14,26 ,0126, 0.56, -.34, 0.53, 7   ,     ,     ,   ,T   ,    , 27,  0 ,   , 0, 0, 0, 2, 0,10, 0, 2, 1, 3, 0, 0, 51,320, 29, 60,320, 29,    ,  1.8,260, 12.2, 13.5,   .5
23066,19961031, 64.1, -3.6, 38.5, -3.1, 51.3, -3.4, 30.6, 41.3, 421,   4,  89,  -9,     ,     ,    ,    ,25.14,30.03,30.45,22 ,0649,29.30,25 ,1516, 0.00, -.98, M   ,     ,     ,     ,   ,    ,    ,   ,  0 ,   , 0, 0, 0, 0, 0,11, 0, 2, 0,M ,M , 0, 41,220, 19, 57,210, 19,    ,  2.3,101,  7.4, 13.6,   .1
23067,19961031, 71.3,     , 38.7,     , 55.0,  -.3, 31.4, 43.5, 320,  16,   6,   3,     ,     ,    ,    ,25.67,30.25,30.54,27 ,0946,29.13,25 ,2331, 0.45, -.15, 0.44,26-27,     ,     ,   ,    ,    ,   ,  0 ,   , 0, 0, 0, 2, 0, 8, 0, 0, 1,M ,M , 0, 48,320, 16, 56,320, 16,    ,  1.5,287, 10.1, 10.3,   .5
23091,19961031,     ,     ,     ,     ,     ,     , 45.2, 54.6,    ,    ,    ,    ,     ,     ,    ,    ,26.87,29.94,     ,   ,    ,     ,   ,    ,     ,     ,     ,     ,     ,     ,   ,    ,    ,   ,    ,   ,  ,  ,  ,  ,  ,  ,  , 0, 1,  ,  , 0, 34,310, 21, 39,320, 21,    ,  4.5,168, 10.7,  2.3,  3.7
23129,19961031, 73.4, -5.0, 56.2, -1.6, 64.8, -3.3, 51.3, 57.3,  50,  51,  26, -69,     ,     ,    ,    ,29.86,29.94,30.20,22 ,0141,29.70,26 ,0325, 1.48, 1.21, 1.48, 30  ,     ,     ,   ,    ,    ,   ,  0 ,   , 0, 0, 0, 0, 0, 0, 0, 0, 6,M ,M , 0, 31,260, 25, 39,270, 25,    ,  1.4,205,  5.3,  1.6,  1.7
23154,19961031, 60.6, -2.9, 25.4, -2.8, 43.0, -2.8, 17.0, 33.8, 654,   0,  59,   0,     ,     ,    ,    ,23.86,30.01,30.62,21 ,1827,29.41,19 ,0149, 0.65, -.24, 0.42,30-31,     ,     ,   ,    ,    ,   ,  0 ,   , 0, 0, 0,M ,M ,M ,M , 1, 1,M ,M , 0, 38,290, 25, 48,280, 25,    ,  2.5,206,  9.4, 21.8,   .0
23155,19961031, 76.9, -3.8, 51.6, -3.2, 64.3, -3.5,     ,     , 134, 119,  74, -28,     ,     ,    ,    ,     ,     ,30.29,21 ,0947,29.74,29 ,2104, 0.94, 0.65, 0.57, 25  ,     ,     ,   ,    ,    ,   ,  0 ,   , 0, 0, 0, 5, 0, 0, 0, 1, 0, 2, 2, 0, 36,140, 29, 43,140, 29,    ,     ,   ,  5.3,  4.3,  3.6
23157,19961031, 73.1, -3.2, 37.1,  -.3, 55.1, -1.8, 30.7, 43.1, 322,  20,  57,   6,     ,     ,    ,    ,25.79,29.96,30.41,21 ,0835,29.54,24 ,2339, 0.77, 0.64, 0.53,29-30,     ,     ,   ,    ,    ,   ,  0 ,   , 0, 0, 0, 4, 0, 8, 0, 0, 0,M ,M , 0, 34,230, 24, 44,230, 24,    ,  2.8,331,  8.2, 10.4,   .7
23160,19961031, 83.7,  -.6, 57.1,   .5, 70.4,   .0, 38.9, 53.6,  91, 266,  64,  72,     ,     ,    ,    ,27.24,29.87,30.19,22 ,0227,29.56,25 ,1422, 1.74, 0.68, 1.61, 26  ,     ,     ,   ,    ,    ,   ,  0 ,   , 0, 0, 0,13, 0, 0, 0, 2, 0, 2, 2, 0, 37,250, 25, 53,260, 13,    ,  2.9,163,  7.4,  2.9,  8.6
23169,19961031, 78.9, -3.2, 54.7,   .4, 66.8, -1.5, 29.5, 49.0, 138, 201,  76,  37,     ,     ,    ,    ,27.63,29.95,30.37,21 ,1044,29.45,25 ,0228, 0.07, -.14, 0.07, 30  ,     ,     ,   ,    ,    ,   ,  0 ,   , 0, 0, 0,10, 0, 0, 0, 0, 0,M ,M , 0, 46,330, 25, 52,330, 25,    ,  2.0,295,  8.4,  4.5,  6.5
23176,19961031, 64.6, -2.5, 31.3, -1.2, 48.0,   .0,     ,     , 521,   0,-255,-255,     ,     ,    ,    ,     ,     ,30.53,21 ,1929,29.41,25 ,0408, 0.40, 0.00, 0.15, 31  ,     ,     ,   ,    ,    ,   ,  0 ,   , 0, 0, 0, 0, 0,15, 0, 0, 3,M ,M , 0, 39,270, 25, 48,200,+25,    ,     ,   , 10.6, 16.8,   .0
23183,19961031, 86.6, -1.5, 63.1,  2.3, 74.9,   .4, 38.6, 55.7,  46, 358,  29,  47,     ,     ,    ,    ,28.66,29.85,30.25,22 ,0213,29.55,26 ,0447, 0.37, -.28, 0.25, 14  ,     ,     ,   ,    ,    ,   ,  0 ,   , 0, 0, 0,15, 0, 0, 0, 2, 0, 2, 2, 0, 32,240, 25, 40,240, 25,    ,  1.4,127,  5.4,  1.5, 11.6
23185,19961031, 66.4, -2.2, 33.3,   .4, 49.9,  -.9, 30.1, 40.3, 463,   2,  23,   2,     ,     ,    ,    ,25.55,30.00,30.50,21 ,0839,29.60,24 ,1809, 0.35, -.03, 0.11,29-30,     ,     ,   ,    ,    ,   ,  0 ,   , 0, 0, 0, 2, 0,13, 0, 0, 0, 5, 1, 0, 37,250, 18, 48,240, 18,    ,  0.5,242,  4.2, 14.9,   .1
23187,19961031,     ,     ,     ,     ,     ,     , 29.9, 43.6,    ,    ,    ,    ,     ,     ,    ,    ,25.39,29.90,     ,   ,    ,     ,   ,    ,     ,     ,     ,     ,     ,     ,   ,    ,    ,   ,    ,   ,  ,  ,  ,  ,  ,  ,  , 0, 6,  ,  , 0, 44,160, 29, 53,160, 29,    ,  6.8,337, 14.7,  9.9,  3.0
23188,19961031, 70.1, -4.5, 59.0, -1.9, 64.6, -3.1, 55.7, 59.3,  41,  36,  17, -71,     ,     ,    ,    ,29.90,29.95,30.19,22 ,0047,29.69,26 ,0333, 0.94, 0.57, 0.64, 30  ,     ,     ,   ,    ,    ,   ,  0 ,   , 0, 0, 0, 0, 0, 0, 0, 1, 5,M ,M , 0, 28,270, 25, 32,270,+26,    ,  2.8,246,  6.1,  1.3,  1.2
23194,19961031, 72.1,   .0, 40.1,  -.1, 56.1,  -.1,     , 42.3, 255,  11, -28,   0,     ,     ,    ,    ,25.08,     ,30.43,22 ,0837,29.50,25 ,1450, 0.39, -.52, 0.33,26-27,     ,     ,   ,    ,    ,   ,  0 ,   , 0, 0, 0,M ,M ,M ,M , 0, 2, 2, 1, 0, 44,230, 25, 52,230, 25,    ,  3.0,242,  7.9,     ,     
23225,19961031, 58.9,     , 44.9,     , 51.9,   .0, 28.8, 40.9, 440,  40,-255,-255,     ,     ,    ,    ,24.75,29.94,30.27,21 ,1048,29.72, 1 ,0323, 3.29, 0.00, 0.98,29-30,     ,     ,   ,    ,    ,   ,  0 ,   , 0, 0, 0, 0, 0, 7, 0, 0, 6, 7, 5, 0, 32,060, 26, 48,090, 26,    ,  1.9, 70,  4.8, 14.2,  1.3
23234,19961031, 69.5,  -.6, 52.2,   .4, 60.9,  -.1, 49.9, 54.5, 155,  36,  20,  25,     ,     ,    ,    ,29.83,30.01,30.30,21 ,1031,29.72,29 ,1727, 0.68, -.54, 0.43, 29  ,     ,     ,   ,    ,    ,   ,  0 ,   , 0, 0, 0, 2, 0, 0, 0, 0, 0,M ,M , 0, 36,260,+25, 44,270, 25,    ,  6.6,273,  9.9,  5.0,  1.2
23273,19961031, 72.0, -1.9, 47.2,  -.8, 59.6, -1.4, 47.0, 52.5, 175,  15,  32,  -4,     ,     ,    ,    ,29.68,29.97,30.24,21 ,2331,29.74,29 ,1738, 1.55, 1.06, 1.44,29-30,     ,     ,   ,    ,    ,   ,  0 ,   , 0, 0, 0, 0, 0, 0, 0, 0, 9, 9, 1, 0, 37,170, 29, 45,180, 29,    ,  4.6,304,  7.3,  5.7,   .5
24011,19961031, 57.0, -1.7, 31.1, -1.4, 44.1, -1.6, 30.9, 38.6, 644,   0,  46,   0,     ,     ,    ,    ,28.13,30.16,30.65, 2 ,1030,29.41,29 ,1223, 1.73, 0.83, 1.01, 26  ,     ,     ,   , 5.0,    , 26,  0 ,   ,M ,M ,M , 0, 2,15, 0, 1, 0, 4, 3, 2, 44,320, 29, 55,330, 29,    ,  3.0,312, 10.2, 20.8,   .0
24015,19961031,     ,     ,     ,     ,     ,     , 34.4, 42.4,    ,    ,    ,    ,     ,     ,    ,    ,25.23,30.25,     ,   ,    ,     ,   ,    ,     ,     ,     ,     ,     ,     ,   ,    ,    ,   ,    ,   ,  ,  ,  ,  ,  ,  ,  , 0, 0,  ,  , 0, 59,320, 29, 76,320, 29,    ,  3.4,297, 12.5, 15.2,   .3
24018,19961031, 58.5, -1.5, 33.0,  -.9, 45.8, -1.2, 26.0, 36.8, 590,   0,  32,   0,     ,     ,    ,    ,23.90,30.13,30.56,27 ,0821,29.15,29 ,0423, 0.50, -.24, 0.18,25-26,     ,     ,   , 2.0,    , 16,  0 ,   , 0, 0, 0, 0, 1,14, 0, 0, 2, 7, 3, 1, 52,300, 29, 60,300, 29,    ,  6.8,284, 12.6, 19.0,   .0
24023,19961031, 63.7, -2.0, 33.5,   .0, 48.6, -1.1, 36.4, 42.5, 503,   3,  29,   3,     ,     ,    ,    ,27.03,30.27,30.58,27 ,0858,29.07,29 ,1124, 0.33, -.65, 0.19,16-17,     ,     ,   ,    ,    ,   ,  0 ,   , 0, 0, 0, 0, 0,15, 0, 2, 1, 4, 1, 0, 53,310, 29, 66,290, 29,    ,  1.1,307,  9.1, 16.2,   .1
24028,19961031, 64.5, -1.0, 31.1, -2.6, 47.8, -1.8, 30.8, 39.5, 526,   0,  49,   0,     ,     ,    ,    ,25.89,30.25,30.56,27 ,0943,29.15,29 ,0616, 0.42, -.39, 0.19, 26  ,     ,     ,   , 0.7,    , 30,  0 ,   , 0, 0, 0, 1, 1,16, 0, 0, 0, 6, 1, 0, 48,310, 29, 57,290, 29,    ,  3.9,322,  9.5, 17.0,   .0
24030,19961031,     ,     ,     ,     ,     ,     , 30.6, 39.7,    ,    ,    ,    ,     ,     ,    ,    ,25.58,30.18,     ,   ,    ,     ,   ,    ,     ,     ,     ,     ,     ,     ,   ,    ,    ,   ,    ,   ,  ,  ,  ,  ,  ,  ,  , 0, 0,  ,  , 0, 56,310, 29, 63,310, 29,    ,  4.9,300, 12.5, 16.7,   .3
24032,19961031, 63.7,  -.4, 33.3,  -.6, 48.5,  -.5, 34.8, 41.6, 511,   6,  15,   6,     ,     ,    ,    ,27.20,30.21,30.61, 2 ,1050,29.00,29 ,1058, 1.28, 0.37, 0.57, 29  ,     ,     ,   ,    ,    ,   ,  0 ,   , 0, 0, 0, 0, 0,13, 0, 1, 7, 5, 3, 0, 45,320, 29, 55,320, 29,    ,  3.3,279, 11.4, 16.5,   .2
24033,19961031, 57.6, -3.0, 34.7, -2.8, 46.2, -2.9, 29.7, 38.9, 578,   1,  80,  -4,     ,     ,    ,    ,26.25,30.19,30.52,26 ,2340,29.33,24 ,1335, 0.58, -.56, 0.21,25-26,     ,     ,   , 9.7,    , 26,  0 ,   , 0, 0, 0, 0, 2,10, 0, 0, 1, 7, 2, 4, 36,280, 14, 43,270, 14,    ,  4.9,249, 10.7, 18.7,   .0
24044,19961031, 62.3,     , 28.5,     , 45.4,   .0, 31.8, 39.1, 599,   0,-255,-255,     ,     ,    ,    ,25.90,30.25,30.54, 2 ,1043,29.09,29 ,0626, 0.71, 0.00, 0.34, 26  ,     ,     ,   ,    ,    ,   ,  0 ,   , 0, 0, 0, 0, 1,20, 0, 0, 1, 4, 3, 0, 48,330, 29, 61,340, 29,    ,  3.3,302, 11.0, 19.3,   .0
24046,19961031,     ,     ,     ,     ,     ,     , 25.4, 34.1,    ,    ,    ,    ,     ,     ,    ,    ,23.88,30.09,     ,   ,    ,     ,   ,    ,     ,     ,     ,     ,     ,     ,   ,    ,    ,   ,    ,   ,  ,  ,  ,  ,  ,  ,  , 0, 6,  ,  , 0, 36,160, 19, 41,290,+19,    ,  1.3,196,  4.7, 24.6,   .0
24061,19961031,     ,     ,     ,     ,     ,     , 25.0, 35.8,    ,    ,    ,    ,     ,     ,    ,    ,24.45,30.16,     ,   ,    ,     ,   ,    ,     ,     ,     ,     ,     ,     ,   ,    ,    ,   ,    ,   ,  ,  ,  ,  ,  ,  ,  , 0, 4,  ,  , 0, 39,300, 14, 45,310, 14,    ,  3.0,314,  8.0, 20.5,   .0
24089,19961031, 58.3, -2.2, 29.8, -2.4, 44.1, -2.3, 26.6, 36.0, 644,   0,  67,   0,     ,     ,    ,    ,24.60,30.23,30.55,27 ,0027,29.32,25 ,1500, 1.64, 0.65, 0.55,16-17,     ,     ,   ,14.1,    , 17,  0 ,   , 0, 0, 0, 0, 3,19, 0, 0, 4, 3, 5, 4, 40,220, 24, 47,210,+24,    ,  6.0,243, 11.3, 20.8,   .0
24090,19961031, 61.8,  -.7, 33.6, -1.3, 47.7, -1.0,     ,     , 480,   4, -25,   4,     ,     ,    ,    ,     ,     ,30.61, 2 ,0804,29.34,19 ,1404, 0.00,-1.10, 0.00,     ,     ,     ,   ,T   ,    ,   ,  0 ,   , 0, 0, 0, 0, 0,12, 0, 0, 2,M ,M , 0, 54,320, 29, 61,320, 29,    ,     ,   ,     ,     ,     
24128,19961031, 65.5, -2.6, 29.4,   .1, 47.5, -1.2, 25.1, 38.6, 536,   1,  31,   1,     ,     ,    ,    ,25.64,30.04,30.58,21 ,0729,29.53,24 ,1940, 0.45, -.17, 0.23, 24  ,     ,     ,   ,    ,    ,   ,  0 ,   , 0, 0, 0, 1, 0,13, 0, 0, 0, 7, 1, 0, 48,290, 24, 54,280, 24,    ,  1.3,284,  7.3, 17.3,   .0
24131,19961031, 64.1,  -.5, 40.7,  1.7, 52.4,   .6, 32.6, 43.0, 405,  22,  -9,  22,     ,     ,    ,    ,27.04,30.05,30.56,27 ,0930,29.47,24 ,2244, 0.68, -.07, 0.43,24-25,     ,     ,   ,T   ,    , 19,  0 ,   , 0, 0, 0, 0, 0, 7, 0, 1, 1, 6, 2, 0, 30,320, 13, 34,330,+18,    ,  0.1,284,  7.1, 13.1,   .7
24132,19961031,     ,     ,     ,     ,     ,     , 27.3, 35.5,    ,    ,    ,    ,     ,     ,    ,    ,25.46,30.17,     ,   ,    ,     ,   ,    ,     ,     ,     ,     ,     ,     ,   ,    ,    ,   ,    ,   ,  ,  ,  ,  ,  ,  ,  , 0, 1,  ,  , 0, 29,280, 01, 34,280, 01,    ,  1.1,208,  5.7, 24.0,   .0
24143,19961031, 56.3, -3.0, 30.4, -5.4, 43.4, -4.1, 27.0, 37.6, 666,   0, 123,   0,     ,     ,    ,    ,26.13,30.10,30.50,26 ,1138,29.31,24 ,0936, 0.54, -.24, 0.40,19-20,     ,     ,   ,    ,    ,   ,  0 ,   , 0, 0, 0, 0, 2,16, 0, 1, 1, 7, 2, 3, 41,350, 29, 46,350, 29,    ,     ,   , 12.0, 21.5,   .0
24144,19961031, 57.9,  -.6, 29.7, -1.9, 43.8, -1.3, 24.8, 36.0, 651,   0,  34,   0,     ,     ,    ,    ,26.04,30.17,30.59,27 ,0754,29.42,24 ,1230, 0.04, -.56, 0.02, 29  ,     ,     ,   ,    ,    ,   ,  0 ,   , 0, 0, 0, 0, 0,16, 0, 0, 0, 3, 0, 0, 32,200,+24, 38,190,+24,    ,  4.0,279,  7.4, 21.0,   .0
24146,19961031, 52.6, -1.8, 29.9,   .5, 41.3,  -.6, 32.8, 37.2, 730,   0,  14,   0,     ,     ,    ,    ,26.89,30.16,30.54,27 ,1041,29.41,24 ,0740, 1.48, 0.61, 0.40,28-29,     ,     ,   , 1.3,    , 19,  0 ,   , 0, 0, 0, 0, 0,20, 0, 0, 4,11, 6, 1, 23,020, 29, 32,030, 29,    ,  0.6,211,  4.2, 23.6,   .0
24149,19961031, 61.5, -1.7, 41.3,  -.1, 51.4,  -.9, 36.8, 44.4, 416,   3,  22,   3,     ,     ,    ,    ,28.49,30.10,30.60,27 ,0734,29.48,24 ,1952, 0.94, 0.04, 0.35,24-25,     ,     ,   ,    ,    ,   ,  0 ,   , 0, 0, 0, 0, 0, 5, 0, 0, 2,M ,M , 0, 30,290, 04, 41,280, 04,    ,  0.9,182,  5.0, 13.4,   .1
24153,19961031, 57.1,   .1, 31.4,   .1, 44.3,   .1, 30.5, 37.9, 634,   0, -11,   0,     ,     ,    ,    ,26.69,30.13,30.63,27 ,0928,29.48,24 ,0715, 0.64, -.10, 0.18, 29  ,     ,     ,   ,T   ,    ,   ,  0 ,   , 0, 0, 0, 0, 0,14, 0, 0, 0,10, 2, 0, 28,100,+18, 32,170, 18,    ,  0.1,340,  4.7, 20.5,   .0
24154,19961031,     ,     ,     ,     ,     ,     , 27.2, 31.5,    ,    ,    ,    ,     ,     ,    ,    ,23.98,29.98,     ,   ,    ,     ,   ,    ,     ,     ,     ,     ,     ,     ,   ,    ,    ,   ,    ,   ,  ,  ,  ,  ,  ,  ,  , 0,17,  ,  , 0, 26,180, 18, 40,200, 18,    ,  3.1,228,  6.8, 28.8,   .0
24155,19961031, 62.0, -1.7, 40.1,  -.9, 51.1, -1.3, 37.3, 44.7, 423,   0,  32,   0,     ,     ,    ,    ,28.42,30.07,30.53,26 ,2229,29.48,24 ,0107, 1.22, 0.36, 0.30,28-29,     ,     ,   ,    ,    ,   ,  0 ,   , 0, 0, 0, 0, 0, 6, 0, 1, 1,11, 4, 0, 40,250, 13, 49,240, 18,    ,  3.3,225,  8.1, 13.7,   .0
24156,19961031, 59.6, -2.9, 32.4, -1.1, 46.0, -2.0, 27.8, 38.3, 579,   0,  52,   0,     ,     ,    ,    ,25.48,30.08,30.61,27 ,1019,29.39,25 ,0129, 0.54, -.37, 0.47,24-25,     ,     ,   , 3.9,    , 25,  0 ,   , 0, 0, 0, 0, 0,13, 0, 0, 1, 4, 2, 1, 38,240, 16, 45,260, 16,    ,  5.7,229,  9.7, 18.7,   .0
24157,19961031, 55.7, -2.9, 34.9, -1.1, 45.3, -2.0, 36.6, 40.6, 603,   0,  54,   0,     ,     ,    ,    ,27.05,     ,30.54,26 ,2151,29.43,24 ,0425, 3.28, 2.29, 0.98, 18  ,     ,     ,   ,    ,    ,   ,  0 ,   , 0, 0, 0, 0, 0,12, 0, 0, 6,15, 9, 0, 28,240,+18, 33,200, 18,    ,  3.3,188,  7.7, 19.5,   .0
24215,19961031,     ,     ,     ,     ,     ,     , 36.3, 42.6,    ,    ,    ,    ,     ,     ,    ,    ,26.38,30.04,     ,   ,    ,     ,   ,    ,     ,     ,     ,     ,     ,     ,   ,    ,    ,   ,    ,   ,  ,  ,  ,  ,  ,  ,  , 0, 4,  ,  , 0, 20,350, 26, 26,350,+26,    , NaNQ,NaN,  3.9, 16.0,   .2
24216,19961031, 76.4, -2.3, 49.6, -1.5, 63.0, -1.9,     ,     , 148,  94,  54,   3,     ,     ,    ,    ,     ,     ,30.34,21 ,0940,29.75,29 ,0446, 2.13, 0.75, 1.76,28-29,     ,     ,   ,    ,    ,   ,  0 ,   , 0, 0, 0, 5, 0, 0, 0, 1, 0, 7, 2, 0, 31,130, 29, 38,130, 29,    ,     ,   ,  7.9,  4.8,  3.0
24221,19961031, 62.1, -2.5, 41.6, -1.9, 51.9, -2.2, 46.9, 49.2, 402,   2,  64,   2,     ,     ,    ,    ,29.63,30.07,30.57,27 ,0645,29.65,24 ,1325, 4.48, 1.07, 1.47,17-18,     ,     ,   ,    ,    ,   ,  0 ,   , 0, 0, 0, 0, 0, 3, 0, 0,10,M ,M , 0, 39,230, 24, 52,230, 24,    ,  2.0,179,  6.6, 13.0,   .1
24227,19961031, 58.9, -1.6, 39.4,   .6, 49.2,  -.5, 44.5, 46.7, 482,   0,   8,   0,     ,     ,    ,    ,29.78,     ,30.57,27 ,0100,29.47,23 ,2154, 0.08,-4.23, 0.08,28-29,     ,     ,   ,    ,    ,   ,  0 ,   , 0, 0, 0, 0, 0, 6, 0, 1,11,M ,M , 0, 29,180, 14, 38,200, 17,    ,  3.6,193,  5.8, 15.6,   .0
24229,19961031, 61.8, -2.2, 46.1,  1.2, 54.0,  -.5, 46.8, 50.0, 340,   7,  14,   7,     ,     ,    ,    ,29.99,30.06,30.57,27 ,1053,29.58,24 ,1550, 5.39, 2.72, 0.98,23-24,     ,     ,   ,    ,    ,   ,  0 ,   , 0, 0, 0, 0, 0, 0, 0, 0, 4,16,13, 0, 25,180, 14, 32,190, 14,    ,  1.7,185,  6.2, 11.0,   .2
24232,19961031, 61.8, -2.4, 43.0,  1.9, 52.4,  -.3, 46.3, 49.0, 387,   4,   6,   4,     ,     ,    ,    ,29.79,30.05,30.56,27 ,1109,29.60,24 ,1453, 0.00,-2.98, 0.00,     ,     ,     ,   ,    ,    ,   ,  0 ,   , 0, 0, 0, 0, 0, 1, 0, 0,10,M ,M , 0, 26,170, 14, 32,160, 14,    ,  3.2,180,  6.0, 12.5,   .1
24233,19961031, 57.5, -2.2, 44.7, -1.1, 51.1, -1.7, 45.9, 48.6, 422,   0,  44,   0,     ,     ,    ,    ,29.52,30.08,30.56,27 ,0943,29.45,23 ,2224, 5.54, 2.31, 1.04,17-18,     ,     ,   ,    ,    ,   ,  0 ,   , 0, 0, 0, 0, 0, 1, 0, 3, 2,17,11, 0, 25,200, 14, 33,170, 17,    ,  1.9,179,  6.8, 13.6,   .0
24235,19961031, 55.8, -3.0, 42.5, -1.1, 49.2, -2.0, 38.5, 43.5, 503,  20,  61,   5,     ,     ,    ,    ,26.09,29.97,30.47,27 ,0528,29.69,28 ,2026, 2.76, -.22, 0.71,28-29,     ,     ,   , 5.5,    , 25,  0 ,   , 0, 0, 0, 0, 0, 6, 0, 0,17,16, 7, 1, 31,210, 12, 41,220, 12,    ,  2.6,170,  8.9, 16.2,   .7
24237,19961031, 43.3,     , 34.2,     , 38.8,   .0,     ,     , 753,   0,-255,-255,     ,     ,    ,    ,     ,     ,30.54,27 ,0948,29.45,24 ,0129, 0.32, 0.00, 0.32,28-29,     ,     ,   ,    ,    ,   ,  0 ,   , 0, 0, 0,M ,M ,M ,M , 0,22,M ,M , 0, 26,250, 23, 43,250, 23,    ,     ,   ,     ,     ,     
24243,19961031, 61.1, -3.3, 33.3, -2.0, 47.5, -2.4, 35.6, 41.8, 542,   0,  74,   0,     ,     ,    ,    ,28.87,30.11,30.53,27 ,0145,29.47,24 ,0156, 0.55, 0.09, 0.21,12-13,     ,     ,   ,T   ,    ,   ,  0 ,   , 0, 0, 0, 0, 0,16, 0, 0, 1, 9, 2, 0, 31,190, 14, 38,190, 14,    ,  1.9,259,  4.9, 17.5,   .0
24257,19961031, 76.2, -1.4, 47.6, -1.6, 61.9, -1.6, 40.4, 51.3, 171,  83,  49,   8,     ,     ,    ,    ,29.41,29.99,30.33,27 ,0914,29.74,24 ,1612, 1.27, -.97, 0.99,28-29,     ,     ,   ,    ,    ,   ,  0 ,   , 0, 0, 0, 5, 0, 0, 0, 0, 1, 8, 2, 0, 30,360, 27, 37,020, 27,    ,  1.6,355,  5.4,  5.5,  2.7
25308,19961031,     ,     ,     ,     ,     ,     ,     ,     ,    ,    ,    ,    ,     ,     ,    ,    ,     ,     ,     ,   ,    ,     ,   ,    ,     ,     ,     ,     ,     ,     ,   ,    ,    ,   ,    ,   ,  ,  ,  ,  ,  ,  ,  , 0, 0,  ,  , 0,   ,   ,   ,   ,   ,   ,    ,     ,   ,     ,     ,     
25628,19961031,     ,     ,     ,     ,     ,     ,     ,     ,    ,    ,    ,    ,     ,     ,    ,    ,     ,     ,     ,   ,    ,     ,   ,    ,     ,     ,     ,     ,     ,     ,   ,    ,    ,   ,    ,   ,  ,  ,  ,  ,  ,  ,  , 0, 0,  ,  , 0, 44,280,+25, 54,270, 23,    ,     ,   ,     ,     ,     
25713,19961031, 42.6,   .6, 35.6,  2.0, 39.1,  1.3,     ,     , 794,   0, -49,   0,     ,     ,    ,    ,     ,     ,30.57, 1 ,0041,29.13,22 ,0552, 1.76,-1.05, 0.70,23-24,     ,     ,   ,    ,    ,   ,  0 ,   , 0, 0, 0, 0, 0, 7, 0, 0, 0,19, 5, 0, 40,200, 27, 49,200, 27,    ,     ,   , 16.6, 25.6,   .0
53819,19961031,     ,     ,     ,     ,     ,     , 50.2, 53.9,    ,    ,    ,    ,     ,     ,    ,    ,29.18,30.10,     ,   ,    ,     ,   ,    ,     ,     ,     ,     ,     ,     ,   ,    ,    ,   ,    ,   ,  ,  ,  ,  ,  ,  ,  , 0, 5,  ,  , 0, 25,330, 18, 33,330, 18,    , NaNQ,NaN,  3.4,  6.3,   .7
53838,19961031,     ,     ,     ,     ,     ,     , 48.9, 54.2,    ,    ,    ,    ,     ,     ,    ,    ,28.71,30.09,     ,   ,    ,     ,   ,    ,     ,     ,     ,     ,     ,     ,   ,    ,    ,   ,    ,   ,  ,  ,  ,  ,  ,  ,  , 0, 4,  ,  , 0, 25,320, 18, 34,320, 18,    ,  1.3,360,  7.1,  5.2,  1.0
53841,19961031,     ,     ,     ,     ,     ,     , 47.6, 51.7,    ,    ,    ,    ,     ,     ,    ,    ,29.17,30.08,     ,   ,    ,     ,   ,    ,     ,     ,     ,     ,     ,     ,   ,    ,    ,   ,    ,   ,  ,  ,  ,  ,  ,  ,  , 0, 3,  ,  , 0, 32,210, 29, 41,220, 29,    ,  2.0,228,  5.8,  8.8,   .2
53842,19961031,     ,     ,     ,     ,     ,     , 44.8, 50.0,    ,    ,    ,    ,     ,     ,    ,    ,29.12,30.07,     ,   ,    ,     ,   ,    ,     ,     ,     ,     ,     ,     ,   ,    ,    ,   ,    ,   ,  ,  ,  ,  ,  ,  ,  , 0, 2,  ,  , 0, 29,290, 30, 40,250, 30,    ,  2.0,263,  7.4, 10.1,   .0
53844,19961031,     ,     ,     ,     ,     ,     ,     ,     ,    ,    ,    ,    ,     ,     ,    ,    ,     ,     ,     ,   ,    ,     ,   ,    ,     ,     ,     ,     ,     ,     ,   ,    ,    ,   ,    ,   ,  ,  ,  ,  ,  ,  ,  , 0, 7,  ,  , 0, 33,260, 30, 46,260, 30,    ,     ,   ,  6.6, 12.3,   .0
53901,19961031,     ,     ,     ,     ,     ,     , 47.3, 51.8,    ,    ,    ,    ,     ,     ,    ,    ,28.70,30.05,     ,   ,    ,     ,   ,    ,     ,     ,     ,     ,     ,     ,   ,    ,    ,   ,    ,   ,  ,  ,  ,  ,  ,  ,  , 0, 6,  ,  , 0, 28,240, 22, 38,250, 22,    ,  1.7,199,  6.5,  8.8,   .3
54728,19961031,     ,     ,     ,     ,     ,     , 34.5, 38.8,    ,    ,    ,    ,     ,     ,    ,    ,28.85,30.03,     ,   ,    ,     ,   ,    ,     ,     ,     ,     ,     ,     ,   ,    ,    ,   ,    ,   ,  ,  ,  ,  ,  ,  ,  , 0, 4,  ,  , 0, 28,320,+20, 36,080, 20,    ,  1.5,314,  4.5, 22.3,   .0
54740,19961031,     ,     ,     ,     ,     ,     , 37.4, 42.4,    ,    ,    ,    ,     ,     ,    ,    ,29.39,30.09,     ,   ,    ,     ,   ,    ,     ,     ,     ,     ,     ,     ,   ,    ,    ,   ,    ,   ,  ,  ,  ,  ,  ,  ,  , 0,13,  ,  , 0, 25,280,+31, 36,040, 20,    ,  1.5,318,  4.5, 17.8,   .0
54756,19961031,     ,     ,     ,     ,     ,     , 38.7, 43.3,    ,    ,    ,    ,     ,     ,    ,    ,29.40,30.09,     ,   ,    ,     ,   ,    ,     ,     ,     ,     ,     ,     ,   ,    ,    ,   ,    ,   ,  ,  ,  ,  ,  ,  ,  , 0, 9,  ,  , 0, 29,350,+19, 41,350, 09,    ,  1.9,318,  5.5, 17.6,   .0
54767,19961031,     ,     ,     ,     ,     ,     ,     , 43.3,    ,    ,    ,    ,     ,     ,    ,    ,29.72,     ,     ,   ,    ,     ,   ,    ,     ,     ,     ,     ,     ,     ,   ,    ,    ,   ,    ,   ,  ,  ,  ,  ,  ,  ,  , 0,16,  ,  , 0, 33,040, 19, 43,040, 19,    ,     ,   ,     ,     ,     
54768,19961031,     ,     ,     ,     ,     ,     , 40.5, 45.4,    ,    ,    ,    ,     ,     ,    ,    ,29.29,30.06,     ,   ,    ,     ,   ,    ,     ,     ,     ,     ,     ,     ,   ,    ,    ,   ,    ,   ,  ,  ,  ,  ,  ,  ,  , 0, 2,  ,  , 0, 32,090,+28, 44,100,+28,    ,  0.5,272,  6.7, 15.0,   .0
54769,19961031, 60.4,     , 37.4,     , 48.9,   .0, 43.1, 46.8, 492,   0,-255,-255,     ,     ,    ,    ,29.84,30.09,30.70, 5 ,1154,29.08, 9 ,0231, 1.36, 0.00, 0.83,23-24,     ,     ,   ,    ,    ,   ,  0 ,   , 0, 0, 0, 0, 0, 9, 0, 0, 8,M ,M , 0, 32,340,+20, 45,080, 20,    ,  1.3,302,  6.9, 15.9,   .0
54770,19961031,     ,     ,     ,     ,     ,     , 37.8, 42.6,    ,    ,    ,    ,     ,     ,    ,    ,28.88,30.11,     ,   ,    ,     ,   ,    ,     ,     ,     ,     ,     ,     ,   ,    ,    ,   ,    ,   ,  ,  ,  ,  ,  ,  ,  , 0, 5,  ,  , 0, 23,300, 14, 38,060, 20,    ,  1.3,263,  5.1, 18.6,   .0
54771,19961031,     ,     ,     ,     ,     ,     , 36.8, 41.1,    ,    ,    ,    ,     ,     ,    ,    ,29.22,30.03,     ,   ,    ,     ,   ,    ,     ,     ,     ,     ,     ,     ,   ,    ,    ,   ,    ,   ,  ,  ,  ,  ,  ,  ,  , 0, 6,  ,  , 0, 26,320, 14, 39,320, 14,    ,  2.1,318,  4.7, 19.8,   .0
54772,19961031, 57.8,     , 31.7,     , 44.8,   .0, 36.0, 41.0, 619,   0,-255,-255,     ,     ,    ,    ,29.52,30.08,30.72, 5 ,1005,29.44, 9 ,0712, 9.19, 0.00, 5.34,20-21,     ,     ,   ,    ,    ,   ,  0 ,   , 0, 0, 0, 0, 0,15, 0, 0, 8,14, 8, 0, 24,290,+15, 37,290, 14,    ,  1.5,310,  4.5, 20.0,   .0
54773,19961031,     ,     ,     ,     ,     ,     ,     ,     ,    ,    ,    ,    ,     ,     ,    ,    ,     ,     ,     ,   ,    ,     ,   ,    ,     ,     ,     ,     ,     ,     ,   ,    ,    ,   ,    ,   ,  ,  ,  ,  ,  ,  ,  , 0, 3,  ,  , 0, 24,270,+03, 31,280, 03,    ,     ,   ,     ,     ,     
92802,19961031, 83.4,     , 64.8,     , 74.1, 74.1, 65.2, 68.1,   8, 296,   8, 296,     ,     ,    ,    ,29.93,29.99,30.31,27 ,1043,29.42, 7 ,1923, 2.73, 2.73, 1.97, 7-8 ,     ,     ,   ,    ,    ,   ,  0 ,   , 0, 0, 0, 1, 0, 0, 0, 0, 5,14, 2, 0, 30,200, 07, 43,210, 07,    ,  2.1, 84,  5.1,   .3,  9.6
93005,19961031,     ,     ,     ,     ,     ,     , 32.5, 39.5,    ,    ,    ,    ,     ,     ,    ,    ,23.48,30.04,     ,   ,    ,     ,   ,    ,     ,     ,     ,     ,     ,     ,   ,    ,    ,   ,    ,   ,  ,  ,  ,  ,  ,  ,  , 0, 2,  ,  , 0, 33,270, 03, 41,210, 25,    ,  1.4,230,  6.2, 19.1,   .0
93010,19961031,     ,     ,     ,     ,     ,     , 29.1, 38.7,    ,    ,    ,    ,     ,     ,    ,    ,23.75,30.22,     ,   ,    ,     ,   ,    ,     ,     ,     ,     ,     ,     ,   ,    ,    ,   ,    ,   ,  ,  ,  ,  ,  ,  ,  , 0, 2,  ,  , 0, 53,330, 29, 63,330, 29,    ,  2.4,332, 10.2, 17.5,   .0
93013,19961031, 63.3,     , 35.3,     , 49.3,   .0, 30.3, 39.9, 478,   0,-255,-255,     ,     ,    ,    ,23.54,30.08,30.44,22 ,0702,29.33,19 ,1403, 0.10, 0.00, 0.10, 28  ,     ,     ,   ,    ,    ,   ,  0 ,   , 0, 0, 0, 0, 0,13, 0, 0, 0,M ,M , 0, 41,210, 19, 59,210, 19,    ,  1.5,153,  6.8, 15.4,   .0
93037,19961031, 62.8,  -.7, 35.1, -1.2, 49.0,  -.9, 29.7, 39.8, 490,   1,  22,   1,     ,     ,    ,    ,23.90,30.26,30.61,27 ,1112,29.13,26 ,0004, 0.77, -.07, 0.40,20-21,     ,     ,   ,    ,    ,   ,  0 ,   , 0, 0, 0, 0, 1,13, 0, 1, 3, 5, 2, 0, 53,300, 29, 70,300, 29,    ,  1.5,360,  9.9, 15.8,   .0
93045,19961031,     ,     ,     ,     ,     ,     , 36.1, 47.6,    ,    ,    ,    ,     ,     ,    ,    ,25.15,29.94,     ,   ,    ,     ,   ,    ,     ,     ,     ,     ,     ,     ,   ,    ,    ,   ,    ,   ,  ,  ,  ,  ,  ,  ,  , 0, 0,  ,  , 0, 43,230, 25, 53,230, 25,    ,  1.9,270,  8.0,  6.4,  1.9
93058,19961031, 70.1,  -.4, 32.3, -4.3, 51.2, -2.4, 29.0, 41.0, 420,   1,  63,   1,     ,     ,    ,    ,25.21,30.26,30.56,27 ,1110,29.10,26 ,0009, 0.31, -.26, 0.31, 27  ,     ,     ,   , 3.5,    , 27,  0 ,   , 0, 0, 0, 0, 0,15, 0, 0, 2, 1, 1, 1, 47,300, 16, 55,300, 16,    ,  1.4,321,  7.2, 13.6,   .0
93069,19961031,     ,     ,     ,     ,     ,     , 30.3, 39.2,    ,    ,    ,    ,     ,     ,    ,    ,23.47,30.10,     ,   ,    ,     ,   ,    ,     ,     ,     ,     ,     ,     ,   ,    ,    ,   ,    ,   ,  ,  ,  ,  ,  ,  ,  , 0, 0,  ,  , 0, 33,220, 19, 43,270,+19,    ,  1.0,233,  7.0, 17.4,   .0
93167,19961031,     ,     ,     ,     ,     ,     , 33.3, 47.5,    ,    ,    ,    ,     ,     ,    ,    ,22.00,     ,     ,   ,    ,     ,   ,    ,     ,     ,     ,     ,     ,     ,   ,    ,    ,   ,    ,   ,  ,  ,  ,  ,  ,  ,  , 0, 0,  ,  , 0, 41,200, 25, 51,200, 25,    ,  1.8,204, 10.1,  7.3,  4.2
93193,19961031, 77.0, -2.7, 51.1,   .4, 64.1, -1.1, 46.7, 54.5, 148, 125,  64,  34,     ,     ,    ,    ,29.59,29.98,30.31,21 ,1115,29.77, 1 ,0001, 2.00, 1.47, 1.69,29-30,     ,     ,   ,    ,    ,   ,  0 ,   , 0, 0, 0, 6, 0, 0, 0, 1, 1,M ,M , 0, 25,300, 19, 31,300, 19,    ,  0.6,331,  5.5,  4.8,  4.0
93721,19961031, 66.6,  -.7, 44.6, -1.3, 55.6, -1.0, 48.0, 51.6, 283,   1,   7, -15,     ,     ,    ,    ,29.87,30.10,30.63, 5 ,0939,29.48,30 ,1524, 4.32, 1.34, 2.24,18-19,     ,     ,   ,    ,    ,   ,  0 ,   , 0, 0, 0, 0, 0, 0, 0, 0, 2, 9, 5, 0, 28,060,+18, 36,290, 18,    ,  1.8,307,  4.9,  9.1,   .0
93729,19961031, 71.7,  -.7, 58.4,   .1, 65.1,  -.3, 56.7, 60.5,  53,  61, -37, -41,     ,     ,    ,    ,30.01,30.04,30.41,26 ,2154,29.25, 8 ,1251, 4.79, -.19, 4.38, 7-8 ,     ,     ,   ,    ,    ,   ,  0 ,   , 0, 0, 0, 0, 0, 0, 0, 0, 1, 8, 2, 0, 47,220, 08, 74,180, 08,    ,  1.8,350,  9.5,  1.7,  2.0
93730,19961031, 65.3,  -.7, 43.7,   .0, 54.5,  -.4, 47.2, 51.0, 318,   1,  -6,  -9,     ,     ,    ,    ,29.95,30.06,30.63, 5 ,1139,29.25, 8 ,2039, 5.04, 2.22, 2.25,18-19,     ,     ,   ,    ,    ,   ,  0 ,   , 0, 0, 0, 0, 0, 1, 0, 0, 4,10, 5, 0, 37,040, 08, 47,040, 08,    ,  1.2,292,  7.3, 10.3,   .0
93738,19961031, 67.0,  -.7, 44.3,  1.9, 55.7,   .6, 46.7, 51.3, 288,   4, -31,  -8,     ,     ,    ,    ,29.71,     ,30.63, 5 ,0859,29.49,30 ,1511, 3.97, 0.77, 2.09, 18  ,     ,     ,   ,    ,    ,   ,  0 ,   , 0, 0, 0, 0, 0, 1, 0, 1, 3,10, 5, 0, 33,330, 18, 44,330, 18,    ,  1.3,307,  5.6,  9.3,   .1
93739,19961031, 67.9,     , 50.9,     , 59.4,   .0,     ,     , 166,  10,-255,-255,     ,     ,    ,    ,     ,     ,30.58, 5 ,1012,29.15, 8 ,1513, 5.10, 0.00, 3.64, 8   ,     ,     ,   ,    ,    ,   ,  0 ,   , 0, 0, 0,M ,M ,M ,M , 1, 1,10, 3, 0, 48,060, 08, 57,060, 08,    ,     ,   ,  8.7,  5.7,   .4
93775,19961031, 70.4,     , 45.1,     , 57.8,   .0,     , 50.1, 139,   6, 256, 255,     ,     ,    ,    ,29.83,     ,30.46,12 ,0932,29.57,30 ,1451, 0.00, 0.00, 0.00,     ,     ,     ,   ,    ,    ,   ,  0 ,   , 0, 0, 0,M ,M ,M ,M , 0, 4,M ,M , 0, 26,300, 18, 34,310, 18,    ,     ,   ,     ,     ,     
93805,19961031, 79.5, -2.0, 54.4, -1.5, 67.0, -1.7,     ,     ,  50, 120,   2, -43,     ,     ,    ,    ,     ,     ,30.34,27 ,1103,29.34, 7 ,2129, 8.69, 5.77, 7.79, 7   ,     ,     ,   ,    ,    ,   ,  0 ,   , 0, 0, 0, 0, 0, 0, 0, 0, 2, 5, 3, 0, 29,040, 07, 39,030, 07,    ,     ,   ,     ,     ,     
93808,19961031,     ,     ,     ,     ,     ,     , 49.2, 53.5,    ,    ,    ,    ,     ,     ,    ,    ,29.47,30.04,     ,   ,    ,     ,   ,    ,     ,     ,     ,     ,     ,     ,   ,    ,    ,   ,    ,   ,  ,  ,  ,  ,  ,  ,  , 1, 7,  ,  , 0, 31,250, 22, 38,180, 22,    ,  1.5,234,  5.5,  7.3,   .5
93814,19961031, 65.9,  -.1, 44.2,   .0, 55.1,   .0, 46.5, 50.8, 307,   5, -20, -15,     ,     ,    ,    ,29.09,30.08,30.50, 4 ,1121,29.48,30 ,0207, 1.76,-1.10, 0.85,17-18,     ,     ,   ,    ,    ,   ,  0 ,   , 0, 0, 0, 0, 0, 2, 0, 2, 2,11, 6, 0, 33,270, 30, 45,270, 30,    ,  1.5,252,  7.2,  9.9,   .2
93815,19961031, 65.7,  1.2, 44.1,   .5, 54.9,   .8, 45.1, 49.7, 305,   0, -50, -18,     ,     ,    ,    ,28.96,30.07,30.55, 4 ,0931,29.42,30 ,0123, 0.82,-1.66, 0.30,22-23,     ,     ,   ,    ,    ,   ,  0 ,   , 0, 0, 0, 1, 0, 1, 0, 1, 2,M ,M , 0, 38,250, 30, 49,240, 30,    ,  3.7,226, 10.2,  9.8,   .0
93817,19961031, 67.8, -1.8, 45.7,  1.0, 56.8,  -.4, 49.7, 53.2, 253,   6, -13, -19,     ,     ,    ,    ,29.62,30.07,30.43, 4 ,1012,29.52,22 ,1523, 2.54,-2.87, 0.81, 22  ,     ,     ,   ,    ,    ,   ,  0 ,   , 0, 0, 0, 0, 0, 2, 0, 1, 5,10, 4, 0, 36,240,+29, 45,230, 29,    ,  1.6,243,  6.6,  8.2,   .2
93819,19961031, 65.5,  -.3, 45.1,  1.6, 55.3,   .6, 45.8, 50.7, 296,   3, -42, -15,     ,     ,    ,    ,29.16,30.09,30.51, 4 ,1023,29.40,29 ,2230, 0.85,-1.78, 0.59,22-23,     ,     ,   ,    ,    ,   ,  0 ,   , 0, 0, 0, 0, 0, 2, 0, 1, 2,M ,M , 0, 43,270, 30, 49,210,+30,    ,  3.2,222,  9.9,  9.6,   .1
93820,19961031, 66.8,  -.4, 46.0,   .0, 56.4,  -.3, 48.0, 52.2, 268,  10, -19, -20,     ,     ,    ,    ,29.00,30.03,30.44, 4 ,1149,29.58,30 ,0352, 2.10, -.47, 0.92, 18  ,     ,     ,   ,    ,    ,   ,  0 ,   , 0, 0, 0, 0, 0, 0, 0, 1, 0, 9, 6, 0, 29,250, 30, 38,250, 30,    ,  2.6,212,  7.1,  8.7,   .3
93821,19961031, 69.1,  -.1, 48.7,  2.9, 58.9,  1.3, 48.4, 53.2, 202,  19, -52,  -6,     ,     ,    ,    ,29.51,30.03,30.46, 4 ,0921,29.56,30 ,0216, 2.59, -.10, 1.51,17-18,     ,     ,   ,    ,    ,   ,  0 ,   , 0, 0, 0, 0, 0, 0, 0, 3, 0,11, 6, 0, 37,230, 30, 41,240, 30,    ,  2.0,224,  7.1,  6.5,   .6
93822,19961031, 67.6,   .8, 43.5,  -.9, 55.6,   .0,     , 49.6, 305,  20,  -9,  -2,     ,     ,    ,    ,29.31,     ,30.33,27 ,1021,29.34,29 ,2237, 1.59,-1.01, 0.65, 17  ,     ,     ,   ,    ,    ,   ,  0 ,   , 0, 0, 0, 0, 0, 4, 0, 1, 2, 5, 4, 0, 38,260, 30, 53,250, 29,    ,  3.8,202,     ,  9.2,   .7
93842,19961031, 75.2, -2.4, 53.8,  -.3, 64.5, -1.5, 53.8, 58.4,  79,  71,  -7, -46,     ,     ,    ,    ,29.56,30.07,30.38,12 ,1016,29.59, 8 ,0403, 2.41, 0.19, 1.07, 2   ,     ,     ,   ,    ,    ,   ,  0 ,   , 0, 0, 0, 0, 0, 0, 0, 0, 0,11, 4, 0, 24,330, 18, 32,060,+18,    ,  2.1, 36,  5.6,  2.6,  2.3
93862,19961031, 73.8, -1.1, 51.4,  1.6, 62.6,   .2, 53.9, 57.6, 121,  57, -23,  -7,     ,     ,    ,    ,29.65,30.03,30.36,12 ,0839,29.69,22 ,1259, 2.46, -.96, 0.77, 22  ,     ,     ,   ,    ,    ,   ,  0 ,   , 0, 0, 0, 0, 0, 0, 0, 3, 4, 9, 6, 0, 31,270, 22, 45,260, 22,    ,  0.5, 92,  5.8,  3.9,  1.8
93950,19961031, 73.5, -1.6, 50.5,  -.5, 62.0, -1.1, 51.3, 56.0, 135,  49,   5, -22,     ,     ,    ,    ,29.18,30.03,30.34,10 ,1056,29.59,21 ,0020, 1.37,-3.21, 0.51, 31  ,     ,     ,   ,    ,    ,   ,  0 ,   , 0, 0, 0, 0, 0, 0, 0, 0, 3, 7, 3, 0, 26,220, 29, 32,310,+29,    ,  2.1,181,  7.1,  4.4,  1.6
93953,19961031, 74.9,     , 49.8,     , 62.4, 62.4, 50.7, 54.9, 107,  35, 107,  35,     ,     ,    ,    ,29.36,30.02,30.37,10 ,1017,29.65,20 ,2242, 1.44, 1.44, 1.27, 31  ,     ,     ,   ,    ,    ,   ,  0 ,   , 0, 0, 0,M ,M ,M ,M , 0, 3,M ,M , 0, 32,350, 21, 37,340, 21,    ,  2.5,165,  9.7,  3.6,  1.2
93967,19961031,     ,     ,     ,     ,     ,     , 47.6, 53.0,    ,    ,    ,    ,     ,     ,    ,    ,29.16,29.98,     ,   ,    ,     ,   ,    ,     ,     ,     ,     ,     ,     ,   ,    ,    ,   ,    ,   ,  ,  ,  ,  ,  ,  ,  , 0, 0,  ,  , 0, 37,230, 29, 48,230, 29,    ,  2.7,189, 10.1,  6.6,  1.0
93986,19961031, 73.3, -1.9, 49.7,  -.9, 61.5, -1.4, 46.8, 53.3, 142,  45,  15, -17,     ,     ,    ,    ,28.35,30.05,30.42,27 ,2223,29.48,25 ,1742, 1.34,-1.31, 0.74, 27  ,     ,     ,   ,    ,    ,   ,  0 ,   , 0, 0, 0, 0, 0, 0, 0, 0, 1,M ,M , 0, 47,340, 07, 54,340, 07,    ,  5.1,177, 14.1,  4.7,  1.5
93990,19961031,     ,     ,     ,     ,     ,     ,     ,     ,    ,    ,    ,    ,     ,     ,    ,    ,     ,     ,     ,   ,    ,     ,   ,    ,     ,     ,     ,     ,     ,     ,   ,    ,    ,   ,    ,   ,  ,  ,  ,  ,  ,  ,  , 0, 1,  ,  , 0, 47,270, 29, 57,270, 29,    ,     ,   ,     ,     ,     
93997,19961031,     ,     ,     ,     ,     ,     , 42.1, 48.1,    ,    ,    ,    ,     ,     ,    ,    ,27.96,30.23,     ,   ,    ,     ,   ,    ,     ,     ,     ,     ,     ,     ,   ,    ,    ,   ,    ,   ,  ,  ,  ,  ,  ,  ,  , 0, 0,  ,  , 0, 52,270, 29, 60,290, 29,    ,     ,   ,     , 10.5,   .9
94008,19961031, 56.1, -2.6, 30.3, -3.0, 43.2, -2.9, 29.2, 37.7, 668,   0,  82,   0,     ,     ,    ,    ,27.49,30.13,30.61, 2 ,0215,29.32,24 ,1537, 0.06, -.55, 0.03, 14  ,     ,     ,   , 0.1,    , 20,  0 ,   , 0, 0, 0, 0, 0,18, 0, 0, 0, 3, 0, 0, 37,310,+30, 45,280, 30,    ,  1.8,321, 10.7, 21.6,   .0
94012,19961031,     ,     ,     ,     ,     ,     , 29.3, 37.4,    ,    ,    ,    ,     ,     ,    ,    ,27.21,30.16,     ,   ,    ,     ,   ,    ,     ,     ,     ,     ,     ,     ,   ,    ,    ,   ,    ,   ,  ,  ,  ,  ,  ,  ,  , 0, 0,  ,  , 0, 38,260,+29, 46,310, 29,    ,  6.2,249, 10.1, 21.9,   .0
94014,19961031, 55.4, -2.7, 28.8, -2.6, 42.1, -2.7, 30.2, 37.6, 702,   0,  76,   0,     ,     ,    ,    ,27.88,30.11,30.67, 2 ,0959,29.41,24 ,1800, 0.82, 0.05, 0.47, 20  ,     ,     ,   , 5.8,    , 20,  0 ,   , 0, 0, 0, 0, 2,17, 0, 0, 2, 5, 3, 2, 43,330, 29, 52,330, 29,    ,  3.3,297,  9.6, 22.7,   .0
94038,19961031,     ,     ,     ,     ,     ,     , 31.1, 38.2,    ,    ,    ,    ,     ,     ,    ,    ,27.06,30.11,     ,   ,    ,     ,   ,    ,     ,     ,     ,     ,     ,     ,   ,    ,    ,   ,    ,   ,  ,  ,  ,  ,  ,  ,  , 0, 1,  ,  , 0, 49,300, 29, 61,310, 29,    ,  4.1,301, 11.2, 22.2,   .0
94185,19961031, 61.6,  -.2, 27.2,  -.9, 44.4,  -.6, 29.3, 37.7, 611,   0,  -9,   0,     ,     ,    ,    ,25.78,30.06,30.58,27 ,0806,29.53,24 ,1731, 0.96, 0.24, 0.32,28-29,     ,     ,   ,    ,    ,   ,  0 ,   , 0, 0, 0,M ,M ,M ,M , 0, 0,11, 3, 0, 31,270, 24, 38,270, 24,    ,  2.4,287,  6.2, 20.4,   .0
94224,19961031, 60.1, -1.0, 43.3,  -.7, 51.7,  -.9, 47.2, 49.4, 408,   3,  24,   3,     ,     ,    ,    ,29.98,29.86,30.56,27 ,0824,29.51,17 ,1657,11.15, 5.42, 1.84,23-24,     ,     ,   ,    ,    ,   ,  0 ,   , 0, 0, 0, 0, 0, 1, 0, 4, 5,21,15, 0, 38,180, 17, 57,180, 17,    ,  2.1,158,  6.8, 13.2,   .1
94623,19961031,     ,     ,     ,     ,     ,     , 38.5, 42.8,    ,    ,    ,    ,     ,     ,    ,    ,29.94,30.10,     ,   ,    ,     ,   ,    ,     ,     ,     ,     ,     ,     ,   ,    ,    ,   ,    ,   ,  ,  ,  ,  ,  ,  ,  , 0, 3,  ,  , 0, 29,070, 21, 39,080, 21,    ,  0.6,342,  5.3, 19.0,   .0
94624,19961031,     ,     ,     ,     ,     ,     , 44.1, 49.4,    ,    ,    ,    ,     ,     ,    ,    ,29.92,30.04,     ,   ,    ,     ,   ,    ,     ,     ,     ,     ,     ,     ,   ,    ,    ,   ,    ,   ,  ,  ,  ,  ,  ,  ,  , 0, 2,  ,  , 0, 34,060, 20, 46,060, 20,    ,  0.3,231,  8.1, 11.4,   .0
94700,19961031, 54.4,     , 29.7,     , 42.1,   .0, 33.2, 38.2, 704,   0,-255,-255,     ,     ,    ,    ,28.76,30.07,30.74, 5 ,0846,29.52, 9 ,0849, 3.27, 0.00, 2.13,20-21,     ,     ,   ,    ,    ,   ,  0 ,   , 0, 0, 0, 0, 0,19, 0, 0,10,M ,M , 0, 24,310, 14, 38,290, 14,    ,  1.7,296,  4.8, 22.7,   .0
94702,19961031, 62.7, -1.4, 45.4, -1.7, 54.1, -1.5,     ,     , 300,   0,  -2, -11,     ,     ,    ,    ,     ,     ,30.68, 5 ,1159,29.26, 8 ,2348, 6.64, 3.53, 4.37,19-20,     ,     ,   ,    ,    ,   ,  0 ,   , 0, 0, 0,M ,M ,M ,M , 1, 0,M ,M , 0, 48,080, 19, 56,080, 19,    ,     ,   ,     ,     ,     
94705,19961031, 55.0,  -.7, 34.0, -2.0, 44.5,  -.5, 36.6, 40.9, 627,   0,  35,   0,     ,     ,    ,    ,28.82,30.09,30.76, 5 ,0946,29.56,30 ,2116, 3.80, 0.96, 1.96,20-21,     ,     ,   ,    ,    ,   ,  0 ,   , 0, 0, 0, 0, 0,14, 0, 0, 9,11, 7, 0, 31,310, 14, 44,310, 14,    ,  2.4,289,  6.4, 20.2,   .0
94726,19961031,     ,     ,     ,     ,     ,     , 42.6, 47.2,    ,    ,    ,    ,     ,     ,    ,    ,29.86,30.05,     ,   ,    ,     ,   ,    ,     ,     ,     ,     ,     ,     ,   ,    ,    ,   ,    ,   ,  ,  ,  ,  ,  ,  ,  , 0, 4,  ,  , 0, 30,300, 09, 41,070, 20,    ,  1.7,259,  6.9, 14.6,   .0
94728,19961031, 63.3, -2.0, 49.5,  -.2, 56.4, -1.1, 44.7, 50.8, 263,   4,  13, -13,     ,     ,    ,    ,29.88,30.06,30.67, 5 ,1122,29.32, 8 ,2235, 7.54, 3.98, 4.35,19-20,     ,     ,   ,    ,    ,   ,  0 ,   , 0, 0, 0, 0, 0, 0, 0, 0, 1,14, 7, 0, 26,050, 08, 46,020, 08,    ,  1.1,345,  6.5,  8.5,   .1
94732,19961031,     ,     ,     ,     ,     ,     , 44.6, 50.1,    ,    ,    ,    ,     ,     ,    ,    ,29.89,30.14,     ,   ,    ,     ,   ,    ,     ,     ,     ,     ,     ,     ,   ,    ,    ,   ,    ,   ,  ,  ,  ,  ,  ,  ,  , 0, 3,  ,  , 0, 32,010, 08, 43,010, 08,    ,  1.8,321,  6.4, 10.1,   .0
94746,19961031, 57.9, -1.6, 41.4,   .9, 49.7,  -.3, 40.1, 45.2, 467,   0,   2,   0,     ,     ,    ,    ,28.94,30.06,30.71, 5 ,0938,29.27, 9 ,0234, 4.15, -.17, 3.51,19-20,     ,     ,   ,    ,    ,   ,  0 ,   , 0, 0, 0, 0, 0, 3, 0, 0, 7,M ,M , 0, 36,360, 09, 45,360, 09,    ,  3.7,284, 10.1, 15.1,   .0
94789,19961031, 63.2, -1.5, 48.1, -1.2, 55.7, -1.3, 46.4, 51.3, 283,   0,  22, -13,     ,     ,    ,    ,30.01,30.15,30.68, 5 ,1126,29.29, 8 ,2233, 5.80, 2.92, 2.90, 19  ,     ,     ,   ,    ,    ,   ,  0 ,   ,M ,M ,M , 0, 0, 0, 0, 0, 0,12, 5, 0, 44,080, 19, 56,060, 19,    ,  2.0,274, 10.9,  9.1,   .0
94814,19961031, 56.4,   .6, 37.5,   .0, 47.0,   .3, 38.9, 43.2, 552,   0, -15,   0,     ,     ,    ,    ,28.72,30.11,30.64, 4 ,0836,29.02,30 ,0714, 2.84, 0.66, 1.04,29-30,     ,     ,   ,T   ,    , 31,  0 ,   , 0, 0, 0, 0, 0, 6, 0, 1, 3, 9, 4, 0, 34,310,+30, 44,310, 02,    ,  2.8,246,  8.9, 17.8,   .0
94822,19961031, 61.7,  -.6, 40.1,  -.5, 50.9,  -.6, 41.3, 46.3, 431,   0,   4,  -9,     ,     ,    ,    ,29.19,30.15,30.57, 3 ,1003,29.08,30 ,0011, 3.56, 0.68, 1.58,29-30,     ,     ,   ,    ,    ,   ,  0 ,   , 0, 0, 0, 0, 0, 6, 0, 5, 0, 8, 4, 0, 40,210, 29, 52,230, 29,    ,  2.9,210,  9.8, 13.9,   .0
94823,19961031, 61.8,  -.7, 42.2,  -.1, 52.0,  -.4, 43.0, 47.8, 397,   0,  -3,  -9,     ,     ,    ,    ,28.80,30.07,30.65, 4 ,0924,29.42,30 ,0622, 2.96, 0.60, 1.08,18-19,     ,     ,   ,    ,    ,   ,  0 ,   , 0, 0, 0, 0, 0, 2, 0, 1, 2,11, 7, 0, 32,310,+30, 45,230, 30,    ,  2.4,256,  6.8, 12.8,   .0
94830,19961031, 63.8,  1.4, 42.3,  2.3, 53.1,  1.9, 45.2, 49.0, 365,   2, -71,  -6,     ,     ,    ,    ,29.27,30.09,30.59, 4 ,0800,29.29,30 ,0633, 1.95, -.15, 0.68,29-30,     ,     ,   ,    ,    ,   ,  0 ,   , 0, 0, 0, 0, 0, 4, 0, 0, 0,M ,M , 0, 45,240, 30, 59,250, 30,    ,  3.6,248,  8.8, 11.8,   .1
94846,19961031, 62.2, -1.1, 41.6,  -.6, 51.9,  -.9, 45.4, 49.1, 399,   2,   8, -10,     ,     ,    ,    ,29.26,30.16,30.54, 4 ,0920,29.12,30 ,0045, 2.32, -.09, 1.01,29-30,     ,     ,   ,    ,    ,   ,  0 ,   , 0, 0, 0, 0, 0, 6, 0, 4, 1,10, 5, 0, 41,250, 30, 57,270, 30,    ,  3.2,240, 10.0, 12.9,   .1
94847,19961031, 61.2,  -.3, 42.8,  1.9, 52.0,   .8, 42.8, 47.5, 397,   0, -38,  -7,     ,     ,    ,    ,29.31,30.10,30.60, 4 ,1009,29.23,30 ,0655, 1.59, -.51, 0.87,29-30,     ,     ,   ,    ,    ,   ,  0 ,   , 0, 0, 0, 0, 0, 3, 0, 1, 0,M ,M , 0, 47,240, 30, 56,240, 30,    ,  3.1,250,  9.2, 12.8,   .0
94849,19961031, 56.9,   .1, 36.1,  -.9, 46.5,  -.4, 39.9, 43.8, 564,   0,   3,   0,     ,     ,    ,    ,29.21,30.15,30.63, 4 ,1021,29.01,30 ,0847, 2.37, 0.27, 0.85,17-18,     ,     ,   , 0.2,    , 31,  0 ,   , 0, 0, 0, 0, 0,11, 0, 2, 4, 9, 6, 0, 29,140, 29, 38,140,+30,    ,  1.9,241,  8.1, 18.2,   .0
94855,19961031,     ,     ,     ,     ,     ,     , 41.0, 44.8,    ,    ,    ,    ,     ,     ,    ,    ,29.02,30.19,     ,   ,    ,     ,   ,    ,     ,     ,     ,     ,     ,     ,   ,    ,    ,   ,    ,   ,  ,  ,  ,  ,  ,  ,  , 3, 2,  ,  , 0, 37,310, 30, 46,310, 30,    ,  3.4,238, 10.0, 16.9,   .0
94860,19961031, 60.1,   .3, 40.3,  1.2, 50.2,   .7, 41.9, 46.3, 451,   0, -34,   0,     ,     ,    ,    ,29.15,30.11,30.60, 4 ,1010,29.11,30 ,0401, 2.76, -.05, 1.03,29-30,     ,     ,   ,    ,    ,   ,  0 ,   , 0, 0, 0, 0, 0, 4, 0, 3, 1,11, 6, 0, 47,240, 30, 60,250, 30,    ,  2.0,203,  9.8, 14.6,   .0
94871,19961031,     ,     ,     ,     ,     ,     , 43.6, 48.0,    ,    ,    ,    ,     ,     ,    ,    ,29.29,30.14,     ,   ,    ,     ,   ,    ,     ,     ,     ,     ,     ,     ,   ,    ,    ,   ,    ,   ,  ,  ,  ,  ,  ,  ,  , 0, 1,  ,  , 0, 44,250, 30, 57,260, 30,    ,  2.7,211,  8.9, 13.1,   .0
94908,19961031, 60.0,  -.5, 40.3,  -.1, 50.2,  -.3, 39.8, 45.0, 457,   0,   1,  -6,     ,     ,    ,    ,28.82,30.17,30.59, 3 ,1003,29.02,29 ,2307, 4.14, 1.41, 1.43,29-30,     ,     ,   ,    ,    ,   ,  0 ,   , 0, 0, 0, 0, 1, 6, 0, 2, 2, 9, 5, 0, 43,280, 30, 52,290, 30,    ,  2.9,205, 10.9, 14.8,   .0
94910,19961031, 62.5,   .7, 39.0,   .6, 50.8,   .7, 40.1, 45.5, 437,   2, -33,  -6,     ,     ,    ,    ,28.99,30.15,30.59, 3 ,0857,28.99,29 ,2108, 3.51, 0.94, 2.17, 22  ,     ,     ,   ,T   ,    , 22,  0 ,   , 0, 0, 0, 0, 0,10, 0, 5, 0, 6, 2, 0, 43,290, 30, 55,280, 30,    ,  2.1,204, 11.0, 14.1,   .1
94938,19961031, 55.2,     , 34.4,     , 44.8,   .0, 34.2, 40.1, 618,   0,-255,-255,     ,     ,    ,    ,28.57,30.04,30.61, 3 ,0808,29.03,29 ,2034, 0.56, 0.00, 0.56, 31  ,     ,     ,   ,    ,    ,   ,  0 ,   , 0, 0, 0, 0, 1, 9, 0, 0, 0,M ,M , 0, 28,210, 11, 34,130,+17,    ,  2.3,214,  7.8, 19.9,   .0
94949,19961031,     ,     ,     ,     ,     ,     , 38.8, 46.0,    ,    ,    ,    ,     ,     ,    ,    ,27.87,30.24,     ,   ,    ,     ,   ,    ,     ,     ,     ,     ,     ,     ,   ,    ,    ,   ,    ,   ,  ,  ,  ,  ,  ,  ,  , 0, 1,  ,  , 0, 48,300, 29, 56,310, 29,    ,  1.5,216, 11.6, 12.2,   .7
94961,19961031,     ,     ,     ,     ,     ,     ,     ,     ,    ,    ,    ,    ,     ,     ,    ,    ,     ,     ,     ,   ,    ,     ,   ,    ,     ,     ,     ,     ,     ,     ,   ,    ,    ,   ,    ,   ,  ,  ,  ,  ,  ,  ,  , 0, 3,  ,  , 0, 39,330, 30, 48,330, 30,    ,     ,   ,  9.6, 23.1,   .0
94967,19961031,     ,     ,     ,     ,     ,     , 33.7, 39.4,    ,    ,    ,    ,     ,     ,    ,    ,28.32,29.98,     ,   ,    ,     ,   ,    ,     ,     ,     ,     ,     ,     ,   ,    ,    ,   ,    ,   ,  ,  ,  ,  ,  ,  ,  , 0, 1,  ,  , 0, 40,310, 29, 49,310, 30,    ,  2.0,271, 11.5, 21.3,   .0
94971,19961031,     ,     ,     ,     ,     ,     , 38.3, 43.3,    ,    ,    ,    ,     ,     ,    ,    ,28.51,30.06,     ,   ,    ,     ,   ,    ,     ,     ,     ,     ,     ,     ,   ,    ,    ,   ,    ,   ,  ,  ,  ,  ,  ,  ,  , 0, 0,  ,  , 0, 47,290, 29, 57,290, 29,    ,  3.0,215, 12.6, 15.4,   .1
94973,19961031,     ,     ,     ,     ,     ,     , 35.8, 40.8,    ,    ,    ,    ,     ,     ,    ,    ,28.59,30.10,     ,   ,    ,     ,   ,    ,     ,     ,     ,     ,     ,     ,   ,    ,    ,   ,    ,   ,  ,  ,  ,  ,  ,  ,  , 0, 1,  ,  , 0, 28,140, 26, 40,180, 17,    ,  2.4,195,  6.9, 20.4,   .0
94978,19961031,     ,     ,     ,     ,     ,     ,     ,     ,    ,    ,    ,    ,     ,     ,    ,    ,     ,     ,     ,   ,    ,     ,   ,    ,     ,     ,     ,     ,     ,     ,   ,    ,    ,   ,    ,   ,  ,  ,  ,  ,  ,  ,  , 0, 0,  ,  , 0, 47,200, 26, 59,190, 26,    ,     ,   ,     ,     ,     
94982,19961031, 63.6,     , 41.4,     , 52.5,   .0, 42.2, 47.3, 388,   5,-255,-255,     ,     ,    ,    ,29.14,30.07,30.57, 3 ,0851,29.11,29 ,2230, 3.01, 0.00, 1.28,29-30,     ,     ,   ,    ,    ,   ,  0 ,   , 0, 0, 0, 0, 0, 6, 0, 0, 1, 8, 3, 0, 44,270, 30, 54,220,+30,    ,  2.9,210, 11.0, 12.5,   .2
94985,19961031,     ,     ,     ,     ,     ,     , 37.4, 42.0,    ,    ,    ,    ,     ,     ,    ,    ,28.55,30.12,     ,   ,    ,     ,   ,    ,     ,     ,     ,     ,     ,     ,   ,    ,    ,   ,    ,   ,  ,  ,  ,  ,  ,  ,  , 0, 2,  ,  , 0, 46,300, 30, 54,300, 30,    ,  2.2,219,  9.7, 19.1,   .0
94988,19961031,     ,     ,     ,     ,     ,     , 41.6, 46.3,    ,    ,    ,    ,     ,     ,    ,    ,28.89,30.09,     ,   ,    ,     ,   ,    ,     ,     ,     ,     ,     ,     ,   ,    ,    ,   ,    ,   ,  ,  ,  ,  ,  ,  ,  , 0, 1,  ,  , 0, 47,300, 30, 55,300, 30,    ,  2.3,211, 11.6, 13.9,   .1
94989,19961031,     ,     ,     ,     ,     ,     , 39.7, 45.4,    ,    ,    ,    ,     ,     ,    ,    ,28.91,30.06,     ,   ,    ,     ,   ,    ,     ,     ,     ,     ,     ,     ,   ,    ,    ,   ,    ,   ,  ,  ,  ,  ,  ,  ,  , 0, 3,  ,  , 0, 45,300,+30, 57,280, 29,    ,  1.5,216, 10.6, 13.6,   .0
99997,19961031,     ,     ,     ,     ,     ,     ,     ,     ,    ,    ,    ,    ,     ,     ,    ,    ,     ,     ,     ,   ,    ,     ,   ,    ,     ,     ,     ,     ,     ,     ,   ,    ,    ,   ,    ,   ,  ,  ,  ,  ,  ,  ,  , 0, 0,  ,  , 0,   ,   ,   ,   ,   ,   ,    ,     ,   ,     ,     ,     
99998,19961031,     ,     ,     ,     ,     ,     , 56.3, 60.9,    ,    ,    ,    ,     ,     ,    ,    ,28.63,30.01,     ,   ,    ,     ,   ,    ,     ,     ,     ,     ,     ,     ,   ,    ,    ,   ,    ,   ,  ,  ,  ,  ,  ,  ,  , 0, 2,  ,  , 0, 26,330,+22, 34,320, 21,    ,  1.8,131,  7.2,  1.5,  4.0
99999,19961031,     ,     ,     ,     ,     ,     , 46.7, 49.5,    ,    ,    ,    ,     ,     ,    ,    ,27.75,30.04,     ,   ,    ,     ,   ,    ,     ,     ,     ,     ,     ,     ,   ,    ,    ,   ,    ,   ,  ,  ,  ,  ,  ,  ,  , 0, 5,  ,  , 0, 21,080, 31, 28,210, 17,    ,  1.3,157,  4.1, 12.1,   .1
